#OTUID	KOSMOS.D1.M1BS	KOSMOS.D1.MPBS	KOSMOS.D15.DW2	KOSMOS.D15.M1AS	KOSMOS.D15.MPAS	KOSMOS.D24.M1A	KOSMOS.D24.MPAS	KOSMOS.D3.control1	KOSMOS.D3.control2	KOSMOS.D32.M1AS	KOSMOS.D32.MPAS	KOSMOS.D36.M1AS	KOSMOS.D36.MPAS	KOSMOS.D42.M1AS	KOSMOS.D42.MPAS	KOSMOS.D48.M1AS	KOSMOS.D48.MPAS	KOSMOS.D8.DW1	KOSMOS.D8.DW2	KOSMOS.D8.M1AS	KOSMOS.D8.MPAS
42219cdab667ede06141ed99b77e6e3c	3996	4324	1089	401	4873	0	3193	3627	453	0	889	0	173	282	4102	628	12829	946	401	3889	7969
d9229fe38c2083c24186be92bbef13ae	468	1133	0	599	401	1904	589	117	0	3825	3184	1508	623	4333	842	4785	471	51	0	0	393
6db05a10707818fbe75a590499339995	2628	2107	0	0	46	0	5270	1798	25	0	0	0	0	0	18	0	6	263	99	0	3265
de07b97b3c8bed8fd34d50acf341fa65	89	145	0	0	82	0	337	0	0	0	69	0	183	10	2375	0	2231	6	0	9431	157
393253aa18abfdac36ef0d53c7222c1b	527	514	0	45	274	0	1386	588	7	0	944	0	174	7	704	0	584	20	0	7350	244
e0d3f83ed24e56018290f2b7943acc9b	1912	2168	0	0	0	0	160	2985	44	0	146	0	71	0	129	0	417	393	321	0	3601
ac4b602d4fd4d598c0c79053880a6fe7	255	298	25	0	1696	0	2358	0	0	0	51	0	26	0	325	0	4697	161	82	556	767
094d282e5759e5d296f2b9c4fe77500d	115	362	435	5	1402	0	5647	0	0	23	567	10	43	8	91	0	170	50	6	97	401
84db7bef4e63768342c4e6d91424b528	81	182	0	1432	38	1636	185	0	19	561	617	245	19	1129	59	238	107	12	0	30	25
a713278facfda956576d93f0ebab0918	101	158	489	198	193	52	243	822	66	75	1122	10	296	4	595	0	809	276	33	32	197
2323d65b8fb56eefaf44bb37a8fdd372	0	17	6	8	29	0	434	0	0	8	4489	9	326	0	49	0	13	4	0	39	0
ba023c775d2cf34fc8c622062b6178be	131	84	5	94	20	59	21	0	0	50	1748	18	1519	16	286	46	19	0	0	71	29
4a3da0cc978406fc647a28f932c13567	29	33	6	0	164	0	259	0	22	0	94	7	94	0	634	0	2004	0	0	584	16
cfbb54fabdb1c962e69e5e2d8b7ec2c6	436	977	0	91	197	119	215	0	0	144	204	28	115	0	444	0	170	28	0	0	361
96a177c7d9fe69540ef28119f340ec99	0	0	0	0	0	0	0	0	0	0	272	0	246	53	1934	0	954	0	0	0	0
76af76d18ff044c3f5aea9e78a85baf7	97	73	0	2120	43	0	29	0	0	0	413	0	16	0	64	0	35	3	0	372	48
9d614c067c441d8a9480a1d7f040072e	0	0	0	0	142	0	126	0	0	0	2209	0	126	0	223	0	217	0	0	26	13
039b330945c86d35a292bb1a0d029d40	0	0	0	0	7	0	0	0	0	0	546	0	57	14	1043	0	1359	0	0	0	0
2c1145826361b8caaa26aae5369a3bdf	152	1026	28	0	96	0	67	148	0	0	136	0	187	0	243	0	273	46	0	0	0
0ec73868c65ec2e1a3618c17e138195c	274	318	0	237	205	0	238	0	0	0	65	0	36	0	243	0	275	25	4	0	466
1f2b21bc052cb0656da1f3e673c1ebb2	0	0	0	0	25	0	0	0	0	0	176	0	208	0	632	0	1169	0	8	0	0
96595fee71ccd0455b2967949c8016e3	0	0	0	0	25	0	198	0	0	12	1810	0	124	0	16	0	0	0	0	0	15
a735069357ce3bff25f964e614dc9f50	80	73	20	0	621	0	80	0	0	0	187	0	73	0	520	0	243	0	0	41	223
98a5b6da12dff21114b8c3302d58c9ee	0	11	8	0	16	0	12	0	12	0	136	0	14	0	59	0	1854	0	0	0	15
b4903dd51eb41689ecf2d44c6df239b2	62	63	0	96	162	0	33	0	0	0	369	5	112	7	687	0	307	20	37	69	96
5ab08f77a1e90f4869d69d602521363e	0	0	0	0	0	0	0	0	0	0	0	0	0	0	209	0	1750	0	0	0	0
3fbc1c2532fb76354cf750ba43944c89	20	32	24	0	62	0	188	0	0	0	336	0	65	0	284	0	866	0	0	0	80
36a4c622d3787881baa568a1ba6046b9	325	0	0	0	0	0	681	245	0	0	0	0	0	0	0	0	0	0	0	0	432
e7616da48825d69487217c02d56ed064	0	0	0	0	0	0	0	0	0	0	1473	0	0	0	53	0	0	0	0	0	26
248d685efcdb0f4adbebed6463e2fd8d	58	43	0	0	29	0	52	0	0	0	80	0	296	0	273	0	599	0	0	0	22
8b30cf3f5e8c27b4aacc4736f6cd6ed9	0	0	0	0	0	0	0	0	0	0	0	0	0	0	172	15	1262	0	0	0	0
83c194429e19fe7c040d099dadade7e0	0	0	0	752	0	21	0	0	0	262	0	182	0	99	0	41	48	0	0	0	0
c5548ed311eb7b4a4b06e500dafc48ff	0	10	22	7	23	0	67	0	0	108	333	0	124	0	182	0	162	32	0	6	195
9230a5d018cf30449d6606d1b25d9b2c	85	100	0	0	146	0	740	0	0	0	0	0	0	0	7	0	24	20	0	12	100
3b3e7b6d5d5419d61f279996ec87d13a	0	0	0	0	0	0	0	0	0	0	0	3	0	11	0	1191	0	0	0	0	0
f7b901f2d99386e3f057c26c64ddbaf2	0	56	31	38	31	0	0	0	0	0	159	0	76	0	116	4	333	99	0	0	64
aa362e133f4a3742c7c0b51823dcefff	85	53	0	0	0	0	17	0	0	0	67	0	96	0	196	0	400	0	0	0	26
c8beb29f8c766765fc1a8ce124f642af	0	25	0	0	0	0	485	0	0	0	157	0	24	0	194	0	54	0	0	0	0
a1cc6dd666afc98d00326d35f43bae73	0	0	26	0	252	0	47	0	0	0	38	0	13	0	187	0	209	17	8	0	63
d16938cc809b9186b4b6d32892c4eddd	72	62	82	0	158	0	182	0	11	0	72	0	28	0	43	0	32	28	0	0	89
2befbeef9466383c925542f8150749b5	0	0	0	0	0	0	0	0	846	0	0	0	0	0	0	0	0	0	0	0	0
a1a363ebfa5e222880fbbc2877328c93	0	17	0	0	46	0	83	0	0	0	170	0	15	0	70	0	392	0	0	29	22
2fc32256e74d5cc16fd440d96a3733d9	0	0	0	0	0	0	0	0	0	0	12	0	61	10	230	0	492	0	0	0	0
5207151388e3c1cb2fe7d75d59f26e79	65	491	0	97	0	23	41	0	12	0	40	0	0	0	0	0	0	0	0	0	13
9b913f388f72540499d96686bf75218f	0	7	6	0	143	0	499	0	0	0	37	0	19	0	17	0	0	0	0	0	31
4912ee68947e8529e2eac96d81f4e26a	125	204	0	3	27	0	40	0	0	0	187	0	0	0	4	0	0	0	0	149	8
35c96737e44f9a025c844504c09521e6	84	36	0	54	0	35	64	0	0	0	322	0	0	0	40	0	31	0	0	14	0
315d2dab44d975c2d7adef16cd6226f8	0	0	0	479	0	0	0	0	0	0	94	0	0	0	0	0	0	0	0	88	0
bda174380b89c8dafb8a61126ad57210	0	0	0	0	10	0	0	0	0	0	10	0	7	0	185	0	387	0	0	0	10
8b1ca5c7eda7f9278a28edd834c461be	59	110	0	70	0	0	3	0	0	0	42	0	11	0	214	0	72	0	0	0	10
35c7ac712d7bfb9eded614644fdd5eab	112	9	0	18	11	0	371	0	0	0	0	0	0	0	0	0	0	0	0	27	16
7ef9ef0f1d7fc89f3fa1d17d92b4e6d8	0	0	0	0	0	0	0	0	0	0	0	0	0	0	43	0	505	0	0	0	0
4b45e0fc6276ae0245aea2cf6c2de70e	54	33	0	50	0	164	44	0	0	66	41	21	0	0	8	0	0	0	0	22	0
21379a9416c7659533efc5735cde259e	0	0	0	444	0	18	0	0	0	0	0	0	0	0	0	0	0	0	0	37	0
20d8843bf7213e7bf6592cdb191a9e96	11	25	0	111	0	70	51	0	0	16	165	0	0	0	24	0	0	0	0	0	0
6d4b1a66b11c7dca0cc75dbfcb3e3043	0	0	0	0	0	0	0	0	0	89	0	113	0	218	0	46	0	0	0	0	0
e6794d71335fe9c08483e2d87506ab80	8	15	0	0	0	0	10	0	0	0	24	0	18	0	40	0	321	0	0	0	11
9ca3ba7165b71dfa75647c347b1aa034	0	0	0	0	0	0	0	0	0	0	20	0	17	0	111	0	257	0	0	0	0
92c99a76c83d47c4ed1259c807985355	0	0	0	0	0	0	0	0	0	0	0	0	0	0	0	0	398	0	0	0	0
ab985cf0ad0420c1a343fbc97ce8f698	91	44	0	3	0	0	27	136	0	0	31	13	0	6	24	0	0	0	0	16	0
b3e163b6fe9838157f405611dc3e693f	80	53	0	0	0	176	19	0	0	0	32	0	0	0	13	0	0	0	0	7	0
20d526a736412cffe5fdea0f89b3fbcb	11	0	0	28	11	201	30	0	0	0	0	5	0	26	5	47	0	0	0	0	13
1f97c47d5e820df62d738ab6e2bc2790	0	0	18	0	10	0	12	0	0	0	128	0	28	0	52	0	93	14	0	0	14
42624d4c60b33699c28a95ca27129319	57	181	13	0	11	0	17	0	0	0	2	0	19	0	34	0	0	0	0	0	33
5ea3446ef0c2b0746d9845a861d8487d	0	0	0	0	0	0	0	0	0	0	0	0	0	0	51	0	277	0	0	17	6
b312a1d9d769c6da59c68893ee7c4582	0	0	0	0	0	76	0	0	0	160	33	21	0	0	0	51	0	0	0	0	0
a907c242383e2c256496dd4a09417c6e	38	29	0	0	0	243	6	0	0	0	23	0	0	0	0	0	0	0	0	0	0
2cf85d07a8ecd3fb2b87a9f36708260b	0	22	0	8	14	0	0	0	24	0	58	0	6	0	56	0	65	0	0	86	0
f19d778b495d614ed62c00879047c35c	10	40	0	0	57	0	40	0	0	0	79	0	13	0	25	0	20	0	0	0	29
e6c77b73bb9e88d9d505d71f517486dc	0	0	0	0	0	0	8	0	0	0	159	0	8	0	40	0	38	0	0	0	0
9af2e51388a124d362e7cb1c9f80082b	0	0	0	0	0	0	0	0	0	0	34	0	128	0	72	0	19	0	0	0	0
c02dd57b6285f6a863ea557a201db5e9	0	0	0	0	11	0	0	0	0	0	38	0	8	0	72	0	108	0	0	14	0
5036f4c911763f0a3711cce0097a9f6d	0	0	0	0	0	109	0	0	0	82	0	11	0	6	0	22	0	0	0	0	0
044bad6668bf3ca9bd869761852eb7b6	34	46	0	0	55	0	18	41	0	0	0	0	0	0	0	0	0	0	0	0	30
81b4121f59c48cb7a4783b721f01920e	0	0	0	0	0	0	0	0	0	0	52	0	0	0	39	0	131	0	0	0	0
65cb02d6dfe193018ea4604eb380eaff	0	0	0	0	20	0	0	0	0	0	0	0	0	0	0	0	37	0	158	0	0
c979da06b859784bf58df00a55ccc8fb	17	24	0	114	17	0	4	0	0	0	3	0	0	0	3	0	19	0	0	4	0
d08f3079333cda5f7be0af6fb4451f92	0	0	0	0	0	0	0	0	0	41	0	85	0	0	0	73	0	0	0	0	0
a8d86f936536d5e55ecaec83a1c465f8	28	44	0	0	0	0	39	0	0	0	35	0	0	0	29	0	0	0	0	0	11
e91fabdf7e0a93eb957c2c4e9e764ae2	0	12	0	0	21	0	77	0	0	0	71	0	0	0	0	0	0	0	0	0	0
1d9216ecc0bd433058261a3b94839d99	0	0	18	0	0	0	0	33	5	0	0	0	0	0	11	0	114	0	0	0	0
626598fdced1dec808791323f07ae623	0	0	0	5	0	18	0	0	0	117	0	33	0	0	0	0	0	0	0	0	0
bd18627a36c643dd24bf4746d4663950	0	21	0	0	0	0	0	0	0	0	93	0	0	0	0	0	55	0	0	0	0
0be99c4aa56268b2f564803d6335f2df	0	0	0	166	0	0	0	0	0	0	0	0	0	0	0	0	0	0	0	0	0
6a3f88251bcc1a9bdc2fa657ec14a6c5	0	0	0	159	0	0	0	0	0	0	0	0	0	0	0	0	0	0	0	0	0
a2d4d91180c2d5c66cf5be3a84162b45	0	0	0	0	10	0	0	0	0	0	99	0	0	0	31	0	15	0	0	0	0
902b23c26b7ad907add59feda1a30428	0	0	0	0	0	0	0	0	0	0	0	0	0	0	0	0	154	0	0	0	0
c42250e8e0c5454779ea2b7a43dc264c	14	0	0	0	0	0	0	0	0	0	34	0	14	0	89	0	0	0	0	0	0
61a30a195aa50828309cd6a42dd81d6e	0	0	0	141	0	0	0	0	0	0	7	0	0	0	0	0	0	0	0	0	0
fc0ed94150c602830bbfbe75c48df3e1	0	0	0	0	0	0	0	0	0	25	0	33	0	35	0	52	0	0	0	0	0
a853f2fca21cb13aacf2cabddf8424dc	0	0	0	0	0	0	0	143	0	0	0	0	0	0	0	0	0	0	0	0	0
2d3a26b959c51d33494ae3006c1890bd	0	0	0	0	0	0	0	0	0	0	0	0	0	0	0	0	138	0	0	0	0
6b82949db47d8b448fa5a82d1ac79936	0	0	0	0	0	0	0	0	0	0	136	0	0	0	0	0	0	0	0	0	0
fb0e7d7d6eb417d326f5a4f47e284465	0	17	0	0	39	0	55	0	0	0	0	0	0	0	0	0	0	0	0	0	20
606fd5f3c90d426dbb74c454442ddd4e	39	47	0	0	0	0	0	0	0	0	35	0	0	0	0	0	0	0	0	9	0
b16c047ba04a60bde71f537a09c62d3c	0	0	0	0	6	0	0	0	0	0	18	0	0	0	98	0	4	0	0	0	4
64eb8580f35a7ef73a87fa5a1a0aa95d	75	27	0	0	2	0	3	0	0	0	20	0	0	0	0	0	0	0	0	0	0
6b4775f85836dc47570daebcbd3429b2	16	40	0	0	0	0	5	0	0	0	0	0	0	0	11	0	0	0	0	47	4
b04ef0693c0df2f89d494b30814a9d58	0	0	0	27	0	0	0	0	0	39	0	56	0	0	0	0	0	0	0	0	0
732c5a5744d4481a5a19b2663cefc6ae	5	8	0	0	0	0	0	0	0	0	98	0	0	0	0	0	5	0	0	0	0
baa5448d80db84deef60639a48f2945a	0	0	0	0	28	0	0	0	0	0	0	0	0	0	0	0	88	0	0	0	0
e55a78a1c8062a8044c653d07dbd915a	29	31	0	0	8	0	0	0	10	0	10	0	0	0	25	0	0	0	0	0	0
e514e47bcd137145382ab4709d16b7a2	0	0	0	0	0	0	0	0	0	0	0	0	0	0	76	0	33	0	0	0	0
fa633eb2208ad0b9211b90e1da630ec7	2	0	43	0	3	0	42	0	0	0	5	0	0	0	0	0	0	0	0	0	10
71ea19803975a0b9664a35da3cba63e5	0	0	0	0	0	0	0	105	0	0	0	0	0	0	0	0	0	0	0	0	0
3e50e77a8bb07cac6bf4c6623f5d185e	0	0	0	0	0	0	0	0	0	0	6	0	17	0	43	0	34	0	0	0	0
5e23e4e1f8a41d2d7d0d6439cde2a766	18	13	0	20	0	0	39	0	0	0	0	0	0	0	0	0	0	4	0	0	3
40450b44940c08498a7bf2d3ff47a849	19	27	0	0	0	0	40	0	0	0	0	0	8	0	0	0	0	0	0	0	0
0e2aa104e4ada9abaa8094203d4c9e9c	0	8	0	12	0	14	0	0	0	6	8	9	0	18	0	19	0	0	0	0	0
bdc617824c81aad4c3e31b549d222b80	27	6	0	24	0	0	14	0	0	0	0	0	0	0	0	17	0	0	0	0	0
b3e3bf49951fd57fef9a0712bdcedb5a	0	0	0	65	0	0	12	0	0	0	0	0	0	0	0	0	0	0	0	0	9
593ea2891454d8d63d6214f225a45e19	0	0	0	0	0	0	0	0	86	0	0	0	0	0	0	0	0	0	0	0	0
2cb58e389011372307a5affb4eb87e3b	13	0	0	9	0	26	6	0	0	0	10	0	0	21	0	0	0	0	0	0	0
8727190c50d0303c63de28feafd1ab3e	0	0	0	0	0	0	0	0	0	0	85	0	0	0	0	0	0	0	0	0	0
fe54a6b3853a4ba111acf8886bee63ae	29	18	0	0	6	0	0	0	9	0	0	0	0	0	8	0	13	0	0	0	0
fa77c54aa003bb04df29a4985077ee61	0	3	0	10	4	5	18	0	0	0	19	0	0	0	9	0	15	0	0	0	0
178f2b30b80c8008b3f17bfc73d0810f	8	0	0	0	0	0	11	0	0	0	63	0	0	0	0	0	0	0	0	0	0
e2add5bcfbcab9db07e26877cec76df3	0	0	0	0	0	0	0	0	0	46	0	0	0	35	0	0	0	0	0	0	0
7f729fcd2d6ba69b0b89986b1b5f6ecd	0	0	0	0	0	10	0	0	0	25	0	32	0	0	0	13	0	0	0	0	0
6aefa26af43d40a8162db6f7695c1152	0	0	0	0	0	0	0	0	0	0	0	0	0	0	7	0	72	0	0	0	0
219828c904ec5c4c164cb82f0183769d	0	0	0	0	0	0	0	0	0	0	0	0	0	0	43	0	29	0	0	6	0
3d2a21690df214f790747c23c7f50a13	16	33	0	0	0	0	11	0	0	0	15	0	0	0	0	0	0	0	0	0	0
97e8b13f22527b063865cbdf15a7fa59	14	16	0	0	0	0	0	0	0	0	45	0	0	0	0	0	0	0	0	0	0
3e3643b6e0f842f3f69a596a42bd32c2	0	0	0	0	0	0	0	0	0	0	75	0	0	0	0	0	0	0	0	0	0
a42714b7e8cebb72a7e41fe898b459cb	0	0	0	0	0	0	0	0	0	29	0	26	0	12	0	7	0	0	0	0	0
b4ec7581fa901b664e01f6675f340ba2	19	0	0	0	0	0	53	0	0	0	0	0	0	0	0	0	0	0	0	0	0
bc1819f4c88904f014d0865c0a09c8ec	0	0	0	0	0	0	0	0	0	59	0	0	0	0	13	0	0	0	0	0	0
af5fe6cf3758537a4a88e804eed97cbf	0	0	0	0	0	0	0	0	0	0	11	0	0	0	44	0	16	0	0	0	0
5ac9e1e1f137a918ebee250fbe0d856a	0	0	0	0	0	0	15	0	0	0	41	0	14	0	0	0	0	0	0	0	0
836c8649bf9c3e71c1fecea4f98ece34	6	0	0	9	0	0	0	0	0	0	5	0	0	0	15	0	12	0	22	0	0
9ce5610a06f1105885cf685ed73f5a73	0	9	0	0	0	0	0	0	0	0	0	0	0	0	0	0	60	0	0	0	0
af4ff5b85aaf32da9bd50107fcdc75e9	0	0	0	69	0	0	0	0	0	0	0	0	0	0	0	0	0	0	0	0	0
22f0e8a61441d36d0727b04f15253ab0	0	0	0	0	0	0	0	0	0	11	28	0	0	0	0	30	0	0	0	0	0
04c08a164d96e07367d93b0dc773e861	0	0	0	0	0	67	0	0	0	0	0	0	0	0	0	0	0	0	0	0	0
8751e2920100fe9f560be4345ab4c8f8	5	9	0	0	11	0	0	0	15	0	3	0	0	0	9	0	9	0	0	4	0
9eb750f3e4804bdff6cc665113bdd039	0	0	0	45	0	0	0	0	0	0	0	0	0	0	0	8	0	0	0	0	11
fc253b74f104e63cb6a394122ab281a4	0	0	0	0	0	0	9	0	0	0	55	0	0	0	0	0	0	0	0	0	0
78219dcf33c2afdd99e4a8415a446671	0	0	0	0	0	0	0	0	64	0	0	0	0	0	0	0	0	0	0	0	0
f83bf7d8c69bbd4ac60a0a269192e139	0	0	0	0	0	0	0	0	0	28	0	25	0	0	0	0	0	0	0	10	0
a3e34c2f2e7f82059db4c692a3a00005	21	0	0	0	0	0	20	0	0	0	15	0	0	0	0	0	0	0	0	5	0
00cd1bef5a53b8e7548c39a3ddef1846	7	0	0	5	0	0	0	0	0	0	0	0	0	0	0	0	0	0	0	49	0
07be4271cb7f8a8b37e63efe6b39d245	0	0	0	0	0	0	0	0	0	0	0	0	0	0	0	0	59	0	0	0	0
4244586faf3a126030cffb1edd2f4596	0	30	0	0	0	0	24	0	0	0	0	0	0	0	0	0	0	0	0	0	0
c250a4a4c9c26bc3252480bbfa1dc2e9	26	0	0	0	5	0	11	0	0	0	0	0	0	0	8	0	0	0	0	0	0
8a6c94726c0780da709f413ba6a92c91	25	17	0	0	0	0	0	0	0	0	0	0	0	0	0	0	0	0	0	0	8
52dfe2f289832be5352278fabd930121	0	0	0	0	0	0	0	0	0	17	0	32	0	0	0	0	0	0	0	0	0
3e9ecb1735f5d68b8fe25e8346e8f6c6	0	0	0	0	0	0	0	0	0	0	0	0	0	0	24	0	25	0	0	0	0
c01e132af0927fa3af560ab87826436e	0	0	0	0	0	0	0	0	0	0	0	0	0	0	0	0	49	0	0	0	0
e63fe703fb79408e5bc38e35b928ae07	8	28	0	0	7	0	5	0	0	0	0	0	0	0	0	0	0	0	0	0	0
c1c7f98b129e96e27024c41cb6677824	0	0	0	0	0	0	0	0	0	0	0	0	10	0	38	0	0	0	0	0	0
ae128825e2a254c0e6e60440be0d60c5	0	0	0	14	0	15	0	0	0	16	0	0	0	0	0	0	0	0	0	0	0
73447270516e4c6c9089dd7227df6d81	0	0	0	0	0	45	0	0	0	0	0	0	0	0	0	0	0	0	0	0	0
4e268ddf24ec1fa04c1dd692269886e3	0	0	0	0	0	0	0	0	0	45	0	0	0	0	0	0	0	0	0	0	0
05295a623bd93c89172bac548f81dd0d	0	0	0	0	0	0	0	0	0	0	6	0	0	0	27	0	12	0	0	0	0
9a006ffb0fd2db6f518185d6ca770e96	9	34	0	0	0	0	0	0	0	0	0	0	0	0	0	0	0	0	0	0	0
b42587c4235fcd2509ee46ae5e96482b	0	0	0	0	0	43	0	0	0	0	0	0	0	0	0	0	0	0	0	0	0
b93769465a31e0b07172d735f3cfb75a	0	0	0	0	0	0	0	0	0	0	0	0	0	0	0	0	43	0	0	0	0
8805982a8fd5b49a9374b233259d6614	0	0	0	10	0	0	0	0	0	6	25	0	0	0	0	0	0	0	0	0	0
e30e925bba5c1213fd642219f7195146	9	13	0	10	0	0	0	0	0	0	0	0	0	0	0	0	0	0	0	8	0
fef42a3804ad156ee914c38473802bf2	5	0	0	0	35	0	0	0	0	0	0	0	0	0	0	0	0	0	0	0	0
9f96d461e5016b352947477c1e4b5fdb	0	0	0	0	11	0	29	0	0	0	0	0	0	0	0	0	0	0	0	0	0
5b327a7c9d4e86208854efdac5c5e904	0	0	0	0	0	0	0	0	40	0	0	0	0	0	0	0	0	0	0	0	0
e6b1fb29ff6ab2a176ec3c4c4291af6e	0	0	0	0	0	0	0	0	0	0	0	16	0	0	0	22	0	0	0	0	0
a9a5714516b1b4a7b695b352c0f8d005	0	0	0	14	11	0	0	0	0	0	0	0	0	0	0	0	12	0	0	0	0
25fc71725ccdefad9eb31a493c41ad7f	8	15	0	0	11	0	0	0	0	0	0	0	0	0	0	0	0	0	0	0	0
d4cde7c8aab977d63ff1f4896b8ec250	0	5	0	0	0	0	0	0	0	0	29	0	0	0	0	0	0	0	0	0	0
0421d6265cef7d012369a34b08c521d5	4	0	0	0	5	0	15	0	0	0	5	0	0	0	0	0	0	0	0	0	4
4997cfb8098ecb240a80d3fb04b939b4	0	0	0	0	0	0	0	33	0	0	0	0	0	0	0	0	0	0	0	0	0
920810b5d4941fb06277a031cc009b34	0	0	0	0	0	0	0	33	0	0	0	0	0	0	0	0	0	0	0	0	0
e626ce83a4ef6211f7c3a38a32174527	0	0	0	0	0	0	0	0	0	0	0	0	0	0	8	0	0	0	0	0	25
ad3f9f7d7bab2d682468cb352991974e	31	0	0	0	0	0	0	0	0	0	0	0	0	0	0	0	0	0	0	0	0
af23f68e2a4f7c7125e08f4807b87bb4	0	0	0	0	0	0	0	0	0	0	0	0	18	0	0	0	0	0	0	0	13
45857c728fe38e208e256fecaab106c0	7	0	0	0	0	0	0	0	0	0	16	0	7	0	0	0	0	0	0	0	0
2706672a7d95549b276db69fb222214c	0	0	0	0	0	0	0	0	0	15	0	7	0	8	0	0	0	0	0	0	0
a3e0e651c5b47ed373fbb26e4fe16fa0	0	0	0	0	0	22	0	0	0	0	0	0	0	0	0	7	0	0	0	0	0
7a4211e72b091cfc4aed3cfcabd73ea8	0	0	0	0	0	0	24	0	0	0	5	0	0	0	0	0	0	0	0	0	0
e9a7e85b7b2017576c46d9550e3aeb93	0	0	0	0	17	0	0	0	0	0	0	0	0	0	0	0	10	0	0	0	0
af3512e86eeeef7c71a0d0265b5cfb14	0	0	0	0	0	0	0	0	0	0	0	0	0	0	0	0	27	0	0	0	0
7feecdf794cf86899fa740ee7a86d0a0	0	0	0	6	0	0	0	0	0	7	7	0	0	0	0	0	0	6	0	0	0
de05c74f1a4741be8ed2874fe5013187	0	0	0	0	0	0	0	0	0	0	26	0	0	0	0	0	0	0	0	0	0
ecc9ab50c1e53ad9c8b3cf46c211cde8	0	0	0	0	0	0	0	0	0	0	0	0	0	0	26	0	0	0	0	0	0
bf8fa14a9e14b25075870e155112acd4	0	0	0	0	0	0	0	0	0	0	0	0	0	0	0	26	0	0	0	0	0
b2b8843694b92ef65714bfacdc593463	0	0	0	0	0	0	0	0	0	16	0	0	0	9	0	0	0	0	0	0	0
8bd5f3b13310e519562ac945e593d046	0	0	0	0	0	0	0	0	0	0	8	0	0	0	8	0	9	0	0	0	0
653689c0090cd499534548cb2ac92fde	0	0	0	0	0	0	0	0	0	0	5	0	5	0	15	0	0	0	0	0	0
6f73a0104c73f914320af81ee7f4cfe5	9	0	0	0	0	0	0	0	0	0	0	0	0	0	0	0	14	0	0	0	0
ba1e4c3a8b2a4f6055a3ef8afbe6eb25	0	0	0	0	0	0	23	0	0	0	0	0	0	0	0	0	0	0	0	0	0
96d05115b55b14bdaba6d9abdf277e5c	0	0	0	0	0	0	0	0	0	12	0	10	0	0	0	0	0	0	0	0	0
ad6b9c1c869d82b088e4e389d07cc023	0	0	0	0	0	0	0	0	0	0	0	0	0	0	0	0	0	0	0	0	22
78d07a90a11a39d424eb006cc69f6ed3	0	0	0	0	0	0	14	0	0	0	0	0	0	0	0	0	7	0	0	0	0
33b8707637d13b242b33aa6727506dc8	0	0	0	0	0	0	0	0	0	21	0	0	0	0	0	0	0	0	0	0	0
d1d617586d9d4213ec65a1bb3a1d527a	0	0	0	0	0	0	0	0	0	0	0	11	0	10	0	0	0	0	0	0	0
7e10d2767fcac1cebd50e4c0afb42a61	13	7	0	0	0	0	0	0	0	0	0	0	0	0	0	0	0	0	0	0	0
88f6e433e66125716d2f27021bbdfe6a	0	0	0	0	0	0	20	0	0	0	0	0	0	0	0	0	0	0	0	0	0
2452d8574651d1741f591cce63d64c43	0	0	0	0	0	0	15	0	0	0	0	0	0	0	0	0	0	0	0	0	5
a2e804ee2e3594a1778decd4dba11534	0	0	0	0	0	19	0	0	0	0	0	0	0	0	0	0	0	0	0	0	0
fc3e6dd3bb525cff410cd562877bcb06	0	0	0	0	0	19	0	0	0	0	0	0	0	0	0	0	0	0	0	0	0
10158f75e32c860722f29ac536c5d579	0	0	0	0	0	13	0	0	0	0	6	0	0	0	0	0	0	0	0	0	0
58cfa22827f8e57bc959f64621e8cd2f	0	0	0	5	13	0	0	0	0	0	0	0	0	0	0	0	0	0	0	0	0
23a6dc97fccc14c5f2c63e2d7e5842b7	0	0	0	0	0	0	18	0	0	0	0	0	0	0	0	0	0	0	0	0	0
1a3084b5ea6cbf31ab824f7a7f918b48	0	17	0	0	0	0	0	0	0	0	0	0	0	0	0	0	0	0	0	0	0
d1017a9bacb76c79a76a4daab04e133d	0	6	0	11	0	0	0	0	0	0	0	0	0	0	0	0	0	0	0	0	0
b51e5ce04be7c655cd96c0d76d3fd31b	0	0	0	0	0	17	0	0	0	0	0	0	0	0	0	0	0	0	0	0	0
52cf4f622c2381df5acde77f8b06f47a	0	0	0	0	0	0	0	0	0	0	17	0	0	0	0	0	0	0	0	0	0
c8bc9009c1754d4fdd0cac5d76afbdbd	0	0	0	0	0	0	0	0	0	0	0	0	0	0	0	17	0	0	0	0	0
ab80aa6a6d79a3d92be11de5131588b3	0	0	0	0	16	0	0	0	0	0	0	0	0	0	0	0	0	0	0	0	0
a39fd18027724ec5bf339e5c3d7d51aa	0	0	0	0	0	0	0	0	16	0	0	0	0	0	0	0	0	0	0	0	0
f393678f30464a16dfd7543e0525937e	0	0	0	0	0	0	0	0	0	16	0	0	0	0	0	0	0	0	0	0	0
b2b9ad9f271e33f1bf752218d019a5fc	0	0	0	11	0	4	0	0	0	0	0	0	0	0	0	0	0	0	0	0	0
2ac38525aeb7bb0784224a8634086405	0	0	0	0	0	0	0	0	0	0	0	15	0	0	0	0	0	0	0	0	0
8ba693fe4475657cb8bb3524835d1062	0	0	0	0	0	0	0	0	0	0	0	0	0	0	15	0	0	0	0	0	0
4dd4082b489cc95e0d20e29675e8509a	0	0	0	0	0	0	0	0	0	0	0	0	0	0	0	0	15	0	0	0	0
b3f47ada15473d8e649aa3e37668e59d	0	0	0	0	0	0	0	0	0	0	0	0	0	0	0	0	0	0	0	0	15
b8bd18527359d6673f7ec51cbc6896c9	0	0	0	0	0	14	0	0	0	0	0	0	0	0	0	0	0	0	0	0	0
4d808c61aeb02fe2ff84720227e943a6	0	0	0	0	0	0	0	0	0	0	0	0	0	0	0	14	0	0	0	0	0
c2d4fce4edcc73b2b54e1561be2dfafb	4	6	0	0	0	0	0	0	0	0	3	0	0	0	0	0	0	0	0	0	0
d48a8bccffbeebfc20568125d41d0294	0	8	0	0	0	0	5	0	0	0	0	0	0	0	0	0	0	0	0	0	0
bb52a5a740007cbad5aac0a1fe6cd565	0	0	0	0	0	0	0	0	0	0	0	0	0	0	0	0	13	0	0	0	0
790bbecc418867048e6ff094f0aad1d5	8	4	0	0	0	0	0	0	0	0	0	0	0	0	0	0	0	0	0	0	0
91d8042749f85403e991f35f549ea4fe	0	0	0	0	0	0	0	0	0	0	0	0	0	0	0	0	12	0	0	0	0
1e337073e903d3c72d8a73426c9686dd	0	0	0	0	0	0	0	0	0	0	0	0	0	0	0	0	0	0	0	0	12
9cf6c61a7512f85761311c6ca73974a0	11	0	0	0	0	0	0	0	0	0	0	0	0	0	0	0	0	0	0	0	0
bbcd878da231c347158525b55b4a99d3	0	0	0	0	0	0	0	0	11	0	0	0	0	0	0	0	0	0	0	0	0
04a54c961bb235e7ec1b8ce88453832e	0	10	0	0	0	0	0	0	0	0	0	0	0	0	0	0	0	0	0	0	0
6ff2b5e928b906c7e6c9160aa8a82c08	0	5	0	0	0	0	5	0	0	0	0	0	0	0	0	0	0	0	0	0	0
4fae655de4bb3164568a8d15753211a1	0	0	0	0	0	0	0	0	10	0	0	0	0	0	0	0	0	0	0	0	0
3d250cac3999988581e79982fcdccd54	0	0	0	0	0	0	0	0	0	10	0	0	0	0	0	0	0	0	0	0	0
dbe31db4a6433ffb7bacbcb0d8408d4e	0	0	0	0	0	0	0	0	0	0	0	0	10	0	0	0	0	0	0	0	0
a747673f614170a78208246c62a15d2c	0	0	0	0	0	0	9	0	0	0	0	0	0	0	0	0	0	0	0	0	0
340ec2bee8b0be68ef6911d6d3d9a7f2	0	0	0	0	0	0	0	0	0	9	0	0	0	0	0	0	0	0	0	0	0
62f27fc97ea9fdd47efa64b9e37d2b60	0	0	0	0	0	0	0	0	0	0	9	0	0	0	0	0	0	0	0	0	0
11f834db425bc90a16300e2f079b15a7	0	0	0	0	0	0	0	0	0	0	0	0	0	0	9	0	0	0	0	0	0
9ef1663ba6e8ac161cda68c2c22e7e57	0	0	0	0	0	0	0	0	0	0	0	0	0	0	0	0	9	0	0	0	0
627f3b3a798efdec1b43d271c6300c6b	0	0	0	0	0	0	0	0	0	0	0	0	0	0	0	0	0	9	0	0	0
b3ca185772ec5e88c2cadee7b4c34cfd	8	0	0	0	0	0	0	0	0	0	0	0	0	0	0	0	0	0	0	0	0
a5d825eb3dcbf92d97714ef8429083a1	0	8	0	0	0	0	0	0	0	0	0	0	0	0	0	0	0	0	0	0	0
c4cfb0b7f611bdccd09de59ba9a695b0	0	8	0	0	0	0	0	0	0	0	0	0	0	0	0	0	0	0	0	0	0
2096b7c7fc1e9d6ecbdacfe8834e1873	0	0	0	8	0	0	0	0	0	0	0	0	0	0	0	0	0	0	0	0	0
5b22c4d828e1fa741fe3a2c7ebcc244e	0	0	0	8	0	0	0	0	0	0	0	0	0	0	0	0	0	0	0	0	0
cd3064e5ec6d1074b5febb9aeaac734a	7	0	0	0	0	0	0	0	0	0	0	0	0	0	0	0	0	0	0	0	0
c173397bbd6d627df9baa4418aad6e34	0	0	0	0	7	0	0	0	0	0	0	0	0	0	0	0	0	0	0	0	0
57329113e6a30613d269cbc1936b3675	0	0	0	0	0	0	7	0	0	0	0	0	0	0	0	0	0	0	0	0	0
c1e51fa01b04524a3b4562bd41773080	0	0	0	0	0	0	0	0	7	0	0	0	0	0	0	0	0	0	0	0	0
0ae10e17d61a8627d51a99e01465bdce	0	0	0	0	0	0	0	0	0	7	0	0	0	0	0	0	0	0	0	0	0
97b57286420c4afbbdc0cbc966f07e14	0	0	0	0	0	0	0	0	0	0	7	0	0	0	0	0	0	0	0	0	0
f92fc2d7704f12d8becbf2d4899f6f06	0	0	0	0	0	0	0	0	0	0	0	0	0	0	0	0	7	0	0	0	0
c1b3d347da3b1e81cf2382b587b7eb0d	0	0	0	6	0	0	0	0	0	0	0	0	0	0	0	0	0	0	0	0	0
50248b2209dfdaa6f034669c3e6867b2	0	0	0	0	6	0	0	0	0	0	0	0	0	0	0	0	0	0	0	0	0
e753315b7be9afa0dc39c36815ed1b50	0	0	0	0	0	0	6	0	0	0	0	0	0	0	0	0	0	0	0	0	0
32f1b340dd18f56c69f3ac4be3b19a9c	0	0	0	0	0	0	6	0	0	0	0	0	0	0	0	0	0	0	0	0	0
1619d7c75ef240aef42ab53522a3a103	0	0	0	0	0	0	0	0	0	0	0	0	0	0	0	0	6	0	0	0	0
ac16f0bffc7d7d656ae6e8f1c58f165c	0	0	0	5	0	0	0	0	0	0	0	0	0	0	0	0	0	0	0	0	0
e3a27e62c9f613652b033963b6dcf408	0	0	0	0	5	0	0	0	0	0	0	0	0	0	0	0	0	0	0	0	0
f8107049086bc5d4339d01ad48c16764	0	0	0	0	0	5	0	0	0	0	0	0	0	0	0	0	0	0	0	0	0
e8ddfb7bbf5f189aa1147aa5bf908a43	0	0	0	0	0	0	0	0	5	0	0	0	0	0	0	0	0	0	0	0	0
9772352d2701e793fab0e142142cac6a	0	0	0	0	0	0	0	0	0	0	0	0	0	0	0	0	0	0	0	5	0
48e302603caa0e1294a61c173ad4684a	4	0	0	0	0	0	0	0	0	0	0	0	0	0	0	0	0	0	0	0	0
581b5de83d8bd9cd597b40c6f89c9c83	0	0	0	0	0	0	4	0	0	0	0	0	0	0	0	0	0	0	0	0	0
5c279554584d314b39b8e0bccf615b79	0	0	0	0	0	0	4	0	0	0	0	0	0	0	0	0	0	0	0	0	0
8ed96db8bdc7ac16cdf12d6c14aa0f7a	0	0	0	0	0	0	0	0	0	0	4	0	0	0	0	0	0	0	0	0	0
6ddcd71ddc5a0880102bba6fe6bbecb8	0	0	0	0	0	0	0	0	0	0	4	0	0	0	0	0	0	0	0	0	0
885b27839b62b00f31fd09e99079972d	0	0	0	0	0	0	0	0	0	0	0	0	0	0	0	0	4	0	0	0	0
52e76e2733f7b696202b560aa865d245	0	3	0	0	0	0	0	0	0	0	0	0	0	0	0	0	0	0	0	0	0
fe91dbc62dea26a60206204568ed2128	0	0	0	0	0	0	0	0	3	0	0	0	0	0	0	0	0	0	0	0	0
9a34ce0491c7186221662c1ddff1e15e	0	0	0	0	0	0	0	0	0	0	3	0	0	0	0	0	0	0	0	0	0
0788a03b3206a719ffc491628300dada	0	0	0	0	0	0	0	0	0	0	0	0	0	0	3	0	0	0	0	0	0
d675927595c6ffdd33c0c40809a73593	0	0	0	0	0	0	0	0	0	0	0	0	0	0	0	0	3	0	0	0	0
594d2769cca5613a1d4ddb6071a8ad94	0	0	0	0	0	0	0	0	0	0	0	0	0	0	0	0	3	0	0	0	0
84797c6e066fc2f8afb4e4eb80c94f88	0	0	0	0	0	0	0	0	0	0	0	0	0	0	0	0	0	3	0	0	0
78a645f241863d91c072919f0fc61265	0	0	0	0	0	0	0	0	0	0	0	0	0	0	0	0	0	0	0	3	0
d7c6765832fa5ba9fabdd98237ee26de	2	0	0	0	0	0	0	0	0	0	0	0	0	0	0	0	0	0	0	0	0
72bafe306d92f2bbcd0887700eeb9053	0	0	0	0	0	0	2	0	0	0	0	0	0	0	0	0	0	0	0	0	0
21973444f97e6c36be186d3edf4e4f1e	0	0	0	0	0	0	0	0	0	0	0	0	0	0	0	0	2	0	0	0	0
d6a954cdd3b844b02163b286e22ca7e3	0	0	0	0	0	0	0	0	0	0	0	0	0	0	0	0	0	2	0	0	0
9c51c25899240d00ac52cead2aefe367	0	0	0	0	0	0	0	0	0	0	0	0	0	0	0	0	0	0	0	0	2
