#OTUID	KOSMOSD15_M1AS_TT	KOSMOSD15_MPAS_TT	KOSMOSD1_M1BS_TT	KOSMOSD1_MPBS_TT	KOSMOSD24_M1AS_TT	KOSMOSD24_MPAS_TT	KOSMOSD32_M1AS_TT	KOSMOSD32_MPAS_TT	KOSMOSD36_M1AS_TT	KOSMOSD36_MPAS_TT	KOSMOSD42_M1AS_TT	KOSMOSD42_MPAS_TT	KOSMOSD48_M1AS_TT	KOSMOSD48_MPAS_TT	KOSMOSD8_M1AS_TT	KOSMOSD8_MPAS_TT
ASV_1	17	1072	23	13	0	5	0	0	0	12	23	8	4348	1	0	0
ASV_5	0	4	0	3	1	3	1	6	0	3	0	1	3	2	3	9
ASV_10	0	397	0	0	0	0	0	0	0	0	0	0	0	0	0	0
ASV_11	0	3	0	0	0	0	0	0	0	0	0	0	0	0	0	0
ASV_15	0	0	1	0	0	0	0	0	0	0	0	0	1	0	0	0
ASV_17	0	0	0	0	0	0	0	0	0	0	0	0	2949	0	0	1
ASV_75	0	0	0	0	0	0	0	0	0	0	0	1	0	0	0	0
ASV_143	0	5	0	0	0	0	0	0	0	0	0	0	37	0	0	0
ASV_222	0	0	0	0	0	0	1	0	0	0	0	0	0	0	0	0
ASV_227	2	0	0	0	0	0	0	0	0	0	0	1	0	0	0	0
ASV_243	8	10	3	2	0	9	0	16	0	59	0	39	0	21	2	8
ASV_246	3	2	3	13	0	0	0	0	0	7	0	1	2	1	0	0
ASV_254	49	9	24	16	9	28	11	3	3	23	0	10	3	11	23	4
ASV_270	0	0	0	0	127	0	0	0	0	0	86	0	26	0	0	0
ASV_299	100	142	73	120	57	129	964	11	1291	90	10306	77	519	12	98	7
ASV_360	13	0	2	0	0	2	0	0	0	1	0	2	0	1	0	0
ASV_374	0	0	0	0	0	0	0	0	0	0	0	0	0	1	0	0
ASV_394	0	0	0	0	0	0	0	0	0	0	0	0	1	0	0	0
ASV_413	0	0	0	0	0	0	0	0	0	0	0	0	0	0	0	5
ASV_439	0	0	0	0	0	0	0	0	0	0	0	0	1	0	0	0
ASV_584	35	2	80	50	7	0	7	0	4	23	0	0	0	0	2	25
ASV_588	1	0	6	8	6	0	0	0	0	7	0	0	0	0	0	0
ASV_593	0	0	0	0	0	0	0	0	1	0	0	0	0	0	0	0
ASV_599	22	12	10	18	0	13	0	4	0	60	0	19	4	8	10	3
ASV_600	24	3	11	9	1	15	3	0	0	19	2	14	5	4	23	5
ASV_609	0	0	0	0	0	0	0	0	0	0	0	0	0	0	3	0
ASV_616	0	0	0	0	0	0	1	0	0	0	0	0	0	0	0	0
ASV_623	7	2	5	3	3	9	0	2	0	26	0	23	9	3	1	1
ASV_632	7	1	0	0	0	4	0	0	0	9	0	2	0	0	1	0
ASV_659	0	0	0	0	0	0	0	6	0	0	0	2	0	0	0	0
ASV_682	6	0	2	4	2	1	3	0	1	2	8	2	3	0	0	0
ASV_717	0	3	0	0	0	14	0	2	0	1	0	0	0	0	0	0
ASV_783	0	0	0	0	0	0	0	0	0	0	0	0	0	0	0	4
ASV_822	0	0	0	0	0	1	0	0	0	0	0	1	0	0	2	0
ASV_889	0	0	0	1	0	0	0	0	0	0	0	0	0	0	0	0
ASV_957	0	0	0	0	0	0	0	0	0	0	0	0	0	2	0	0
ASV_1345	0	2	0	4	0	1	0	10	0	6	0	2	0	1	0	0
ASV_1545	0	0	0	0	0	0	0	0	0	0	0	0	0	0	0	2
ASV_1923	0	128	0	0	0	0	0	0	4	0	0	0	0	0	1	0
ASV_1924	0	0	1	0	0	0	0	6	0	0	0	1	0	0	0	0
ASV_1925	0	1	0	0	0	0	0	1	0	1	0	0	0	0	0	0
ASV_1926	0	1	1	0	0	0	0	0	0	0	1	0	0	0	0	0
ASV_1932	0	873	115	0	0	0	0	0	1	0	0	0	0	0	0	0
ASV_1936	0	0	0	0	0	0	0	1	0	0	0	0	5	0	0	1
ASV_1942	0	0	0	0	0	0	0	0	0	0	0	0	10	0	0	0
ASV_1946	0	2	0	0	0	0	0	0	0	0	0	0	8	0	0	0
ASV_1948	0	59	0	0	0	0	0	0	0	0	0	0	276	0	0	0
ASV_1951	0	12	0	0	0	0	0	0	0	1	0	0	21	0	0	0
ASV_1952	0	5	0	0	0	0	0	1	0	2	0	0	20	0	0	0
ASV_1955	0	1	0	0	0	0	0	0	0	0	0	0	3	0	0	0
ASV_1967	0	0	0	0	1	0	0	0	0	0	0	0	1	0	0	0
ASV_1970	0	4	0	0	0	0	0	0	0	0	0	0	4	0	0	0
ASV_1973	0	0	0	0	0	2	0	0	0	0	0	0	0	2	1	0
ASV_1980	0	2	0	0	0	0	0	0	0	0	0	0	5	0	0	0
ASV_1982	0	1	0	0	0	0	0	0	0	0	0	0	2	0	0	0
ASV_1999	0	0	0	0	0	0	0	0	0	0	0	0	0	0	0	1
ASV_2015	10	31	27	58	2	85	2	34	15	100	69	127	22	30	17	5
ASV_2190	0	0	0	0	0	0	0	0	0	0	0	0	0	0	0	1
ASV_2285	1	0	0	1	0	0	0	0	0	0	0	3	0	0	0	0
ASV_2488	0	0	0	0	0	0	0	0	0	1	0	0	0	0	0	0
ASV_2489	7	4	4	4	0	11	2	6	0	9	0	6	0	2	1	4
ASV_2491	0	0	0	0	0	0	0	0	0	5	0	0	0	0	0	0
ASV_2507	75	52	29	60	7	47	14	14	17	375	93	102	242	70	66	30
ASV_2513	0	0	1	0	0	0	0	2	0	0	0	0	0	1	0	0
ASV_2712	0	0	0	0	24	0	11	0	37	2	14	0	20	0	0	0
ASV_2999	2	0	0	0	13	0	17	0	24	0	8	0	14	0	0	0
ASV_3202	0	0	0	0	0	0	0	2	1	0	0	2	0	0	0	0
ASV_3385	1	9	0	0	0	0	0	0	0	0	0	0	2	0	0	0
ASV_3391	0	0	0	0	0	0	0	0	0	0	1	0	0	0	0	0
ASV_4168	0	0	0	0	0	0	0	0	0	0	0	0	0	1	0	0
ASV_4312	0	0	0	0	0	0	0	0	0	0	0	0	0	2	2	0
ASV_4452	0	0	0	0	11	0	9	0	16	0	5	0	10	0	0	0
ASV_4500	3	0	0	0	0	0	0	0	6	0	4	0	0	0	0	0
ASV_4565	0	0	0	0	4	0	4	0	6	0	4	0	1	0	0	0
ASV_4567	0	0	0	0	0	3	0	0	0	0	0	0	0	0	0	0
ASV_4582	0	0	0	0	6	0	1	0	1	0	4	0	0	0	0	0
ASV_4723	0	0	0	0	8	0	2	0	0	0	0	0	0	0	0	0
ASV_4781	0	0	0	0	2	0	1	0	0	0	0	0	0	0	0	0
ASV_4887	0	0	0	0	0	0	3	0	0	0	0	0	0	0	0	0
ASV_5009	0	0	0	0	3	0	6	0	7	0	0	0	0	0	0	0
ASV_5038	0	0	5	18	0	0	0	0	0	0	0	1	0	0	0	0
ASV_5140	12	9	9	9	2	0	0	0	0	12	11	7	0	0	0	0
ASV_5151	0	6	0	0	0	0	0	1	0	0	0	0	13	0	0	0
ASV_5154	0	5	0	0	0	0	0	0	0	0	0	0	18	0	0	0
ASV_5157	0	4	0	0	0	0	0	0	0	0	0	0	19	0	0	0
ASV_5162	0	0	0	0	1	0	0	0	0	0	0	0	0	0	0	0
ASV_5177	0	0	0	0	0	0	0	0	0	0	0	0	2	0	0	0
ASV_5217	0	0	0	0	0	0	0	1	0	0	0	0	0	0	0	1
ASV_5243	0	0	0	0	0	0	0	0	0	0	1	0	0	0	0	0
ASV_5247	0	2	2	10	0	6	0	3	0	0	0	2	0	1	0	11
ASV_5566	0	2	0	0	0	1	0	0	0	1	0	5	0	0	0	0
ASV_5648	1	0	0	0	4	0	0	0	5	0	2	0	4	0	0	0
ASV_5773	0	0	0	0	2	0	0	0	4	2	0	0	0	0	0	0
ASV_7605	0	0	0	0	8	0	0	0	7	0	3	0	16	0	0	0
ASV_8223	0	0	0	0	1	0	0	0	0	0	0	0	0	0	0	0
ASV_14239	0	0	0	1	0	0	0	0	0	0	0	0	0	0	0	0
ASV_14795	0	0	0	0	0	1	0	0	0	0	0	0	0	0	0	0
ASV_20045	0	0	0	0	2	0	4	0	7	0	2	0	1	0	0	0
ASV_26758	0	0	0	0	0	0	0	0	0	0	0	0	0	0	1	0
ASV_26772	0	5	0	0	0	0	0	0	0	0	1	0	2	0	0	0
ASV_27936	0	12398	4784	8698	38	0	2592	3389	3643	11636	2168	9778	999	6800	0	2289
ASV_27937	0	102	0	0	14141	0	3534	0	5477	0	729	1	3396	0	0	0
ASV_27938	0	0	7	1657	0	648	0	0	6721	6	0	0	0	2786	0	3225
ASV_27939	0	0	0	0	0	0	7329	0	7008	0	0	0	0	0	0	0
ASV_27940	0	0	0	0	0	0	0	0	0	0	0	0	1	0	1	3
ASV_27941	0	7	0	2338	1	1	0	1575	0	2636	0	4	0	0	1	2621
ASV_27942	213	193	44	106	2	26	70	85	159	707	79	226	5	284	1	320
ASV_27943	0	1014	182	2	0	59	0	1	0	1185	0	762	0	0	1	2750
ASV_27944	0	2	0	0	0	0	0	0	0	0	0	0	10	0	0	0
ASV_27946	0	0	0	0	2	0	0	0	0	1290	0	2548	1	161	0	245
ASV_27947	1	398	2352	190	0	0	0	0	0	0	0	4	0	209	0	453
ASV_27948	0	0	2	0	0	232	2	0	0	95	2464	1	786	0	0	0
ASV_27950	0	726	428	1	0	0	0	0	0	0	0	0	0	2352	0	0
ASV_27951	0	624	174	424	1	0	86	142	130	509	106	399	29	384	0	131
ASV_27952	0	75	0	0	0	1511	3	596	0	507	0	0	0	0	0	501
ASV_27953	0	0	0	0	0	0	1	0	0	0	0	0	0	0	0	0
ASV_27955	1	187	0	0	0	0	0	0	1570	0	0	0	0	377	0	0
ASV_27956	0	0	0	0	0	1	0	0	0	0	0	0	0	0	0	0
ASV_27958	0	0	0	0	0	0	0	0	0	0	0	2	1852	0	0	0
ASV_27959	0	2	0	0	0	0	0	0	0	0	0	0	13	0	0	0
ASV_27960	0	0	0	0	0	0	0	0	0	0	0	0	1	0	0	0
ASV_27961	0	0	0	0	0	0	0	0	0	0	0	1	1651	0	0	0
ASV_27962	0	4	0	0	0	0	0	0	0	0	0	0	0	0	0	0
ASV_27963	0	0	0	0	1205	0	0	0	0	0	0	0	0	149	0	0
ASV_27965	0	3	0	0	623	0	132	0	248	0	25	0	170	0	0	0
ASV_27966	0	4	4	3	0	0	0	0	1	4	1	818	0	3	0	70
ASV_27967	39	28	3	12	0	1	23	7	1	69	3	21	0	27	0	29
ASV_27969	0	2	0	0	0	0	0	0	0	0	0	0	0	0	0	0
ASV_27971	23	18	1	22	3	4	10	12	15	72	1	34	0	35	0	36
ASV_27972	0	18	1	14	3	0	3	653	8	10	3	3	0	5	0	1
ASV_27974	2	23	6	24	0	3	13	5	30	23	17	15	0	23	0	18
ASV_27976	0	9	4	12	0	0	1	2	0	57	0	545	0	10	0	2
ASV_27977	38	0	4	3	3	4	28	0	82	1	354	0	35	0	22	0
ASV_27978	0	0	0	9	0	4	0	0	23	0	0	0	0	545	0	8
ASV_27979	0	0	0	0	0	0	0	0	0	0	0	372	0	200	0	0
ASV_27981	0	235	30	44	0	0	13	24	25	66	16	48	4	36	0	17
ASV_27985	0	0	0	0	0	0	0	0	0	0	0	0	2	0	0	0
ASV_27986	0	0	0	1	0	0	0	0	0	0	0	0	0	0	0	0
ASV_27987	0	0	0	0	0	0	522	0	0	0	1	0	0	0	0	0
ASV_27989	0	0	0	0	0	0	0	0	0	0	513	0	1	0	0	0
ASV_27993	0	395	0	0	0	0	0	0	0	2	0	0	0	0	1	82
ASV_27996	0	0	0	6	0	385	0	0	15	0	0	0	0	3	0	14
ASV_27997	0	0	0	403	0	0	0	0	0	1	0	0	0	0	0	0
ASV_28001	0	358	0	0	0	0	0	0	0	0	0	0	0	0	0	0
ASV_28003	0	0	0	0	1	0	0	0	0	0	0	0	0	0	0	0
ASV_28004	0	0	0	0	0	0	0	0	0	0	0	310	1	0	0	0
ASV_28005	0	293	0	0	0	0	0	1	2	3	0	2	0	3	0	0
ASV_28007	0	43	29	0	0	0	0	0	0	0	0	0	0	221	0	0
ASV_28008	0	267	0	0	0	0	0	0	0	0	1	0	0	0	0	0
ASV_28010	0	26	144	13	0	0	0	0	0	0	0	0	0	13	0	30
ASV_28012	0	21	0	0	0	0	0	0	0	231	0	0	0	0	0	1
ASV_28015	0	5	11	208	0	0	0	0	0	0	0	1	0	0	0	5
ASV_28016	0	0	0	0	0	0	0	1	0	0	0	0	0	0	0	0
ASV_28018	0	0	0	0	0	0	0	0	0	0	0	0	11	0	0	0
ASV_28022	0	0	0	0	0	186	0	0	0	0	0	0	0	0	0	0
ASV_28024	0	0	0	0	0	0	0	172	0	0	0	0	0	0	0	1
ASV_28025	0	1	4	1	0	0	0	0	0	0	0	160	0	0	0	1
ASV_28026	4	3	0	0	0	0	2	0	1	13	0	3	0	7	0	11
ASV_28027	0	0	0	0	0	0	0	0	0	0	0	0	161	0	0	0
ASV_28028	0	0	0	0	0	0	0	0	159	0	0	0	0	0	0	0
ASV_28029	0	0	0	0	0	0	0	0	0	0	157	0	0	0	0	0
ASV_28032	0	127	9	0	0	0	0	0	0	0	0	0	0	0	0	4
ASV_28033	0	0	0	0	0	0	0	0	0	0	0	1	0	0	0	0
ASV_28037	23	0	0	0	0	0	0	0	10	0	80	0	0	0	6	0
ASV_28038	0	2	0	0	1	1	18	1	23	0	32	0	34	0	1	0
ASV_28045	5	1	4	15	2	4	0	0	12	1	0	6	0	2	33	0
ASV_28050	0	0	0	73	0	0	0	0	0	0	0	0	0	0	0	0
ASV_28052	0	0	0	0	0	0	0	0	0	0	0	0	70	0	0	0
ASV_28055	3	1	8	16	4	2	0	0	1	5	4	2	0	3	14	1
ASV_28056	0	0	0	0	0	0	0	0	10	0	50	0	4	0	0	0
ASV_28057	16	0	1	2	5	0	8	0	5	1	5	4	1	1	14	0
ASV_28060	0	0	0	54	0	0	0	0	0	0	0	0	0	0	0	0
ASV_28061	0	0	0	0	0	0	0	0	0	30	0	3	0	0	0	2
ASV_28068	0	0	0	0	7	0	0	0	0	0	0	0	0	0	0	0
ASV_28072	0	2	0	0	0	0	0	0	0	0	0	0	0	0	0	0
ASV_28073	2	0	0	0	0	24	0	0	2	0	1	1	0	0	0	0
ASV_28074	21	0	0	0	0	0	0	0	6	0	0	0	0	0	0	0
ASV_28078	20	0	0	0	0	0	0	0	0	0	0	0	0	0	2	0
ASV_28082	0	0	0	1	0	0	2	0	0	0	0	0	0	2	0	1
ASV_28084	0	18	0	0	0	0	0	0	0	0	0	0	0	0	0	0
ASV_28085	7	2	0	1	0	0	0	0	0	0	0	0	0	0	0	0
ASV_28091	0	0	0	0	0	0	2	0	0	0	1	0	0	0	11	0
ASV_28095	0	0	0	2	1	0	5	0	0	0	0	0	2	0	2	0
ASV_28096	2	0	0	1	0	0	0	0	1	3	3	0	0	1	0	0
ASV_28097	0	0	0	0	0	0	0	0	0	0	6	0	6	0	0	0
ASV_28112	1	1	0	0	1	0	0	0	0	1	0	0	0	0	0	0
ASV_28115	0	0	0	0	0	0	0	0	3	0	0	0	0	0	4	0
ASV_28116	0	0	0	0	0	0	0	0	3	0	0	0	0	0	0	4
ASV_28121	0	0	0	0	0	2	0	0	0	0	4	0	0	0	0	0
ASV_28127	0	2	0	0	0	0	0	0	0	0	0	0	0	0	0	0
ASV_28128	0	0	0	1	0	0	0	0	0	2	0	0	0	0	0	0
ASV_28134	0	0	0	0	0	0	0	0	0	0	0	0	0	0	5	0
ASV_28140	0	2	0	1	0	0	0	0	0	0	0	0	0	0	0	1
ASV_28143	0	0	0	0	0	0	0	0	4	0	0	0	0	0	0	0
ASV_28152	0	0	0	0	0	3	0	0	0	0	0	0	0	0	0	0
ASV_28154	0	0	0	0	0	0	0	1	0	0	0	0	0	0	0	0
ASV_28155	0	0	0	0	0	0	3	0	0	0	0	0	0	0	0	0
ASV_28156	0	0	0	0	0	0	0	0	0	0	3	0	0	0	0	0
ASV_28157	0	0	0	0	0	0	0	0	0	0	0	0	3	0	0	0
ASV_28171	0	0	0	0	0	0	0	0	0	0	0	0	0	0	0	3
ASV_28181	3	0	0	0	0	0	0	0	0	0	0	0	0	0	0	0
ASV_28187	0	0	0	0	2	0	0	0	0	0	0	0	0	0	0	0
ASV_28191	0	0	0	2	0	0	0	0	0	0	0	0	0	0	0	0
ASV_28206	0	0	0	0	0	0	0	0	0	0	0	0	0	0	0	2
ASV_28207	0	0	0	0	0	0	0	0	0	0	0	0	0	0	0	2
ASV_28218	41	9	47	41	1	27	0	1	0	88	2	12	14	8	105	11
ASV_28219	26	15	22	13	4	20	0	3	0	88	0	29	8	24	15	12
ASV_28221	35	0	0	2	36	1	40	1	11	7	13	0	15	0	6	2
ASV_28222	22	5	1	3	2	17	3	1	5	67	5	18	7	4	8	1
ASV_28225	6	4	7	21	1	3	3	1	2	8	0	6	5	4	13	2
ASV_28229	0	1	4	3	0	3	0	1	0	39	0	11	0	7	9	1
ASV_28231	0	0	0	0	0	0	0	0	12	0	56	0	2	0	0	0
ASV_28232	0	0	3	54	0	0	0	0	0	4	0	0	0	0	0	0
ASV_28234	66	0	0	0	0	0	0	0	0	0	0	0	0	0	0	0
ASV_28236	15	1	2	4	0	5	0	0	0	7	1	3	0	0	14	3
ASV_28238	0	2	0	0	1	0	1	0	0	0	1	0	2	0	0	0
ASV_28239	5	1	7	8	5	3	3	0	1	9	0	0	2	1	0	2
ASV_28240	4	1	0	3	0	4	0	1	0	19	0	12	0	0	2	2
ASV_28242	7	0	4	9	1	0	0	0	1	8	0	3	0	1	6	0
ASV_28246	5	5	19	3	0	1	0	0	0	3	0	0	0	0	3	0
ASV_28247	0	4	1	0	0	4	0	0	0	11	0	2	0	2	0	0
ASV_28250	0	0	0	0	0	0	0	0	0	0	3	0	0	0	0	0
ASV_28252	0	0	0	0	0	0	0	0	0	0	0	0	0	0	0	1
ASV_28253	0	0	0	0	0	0	0	0	0	0	0	0	0	0	0	4
ASV_28254	29	0	2	0	2	0	1	0	0	0	0	0	0	0	0	0
ASV_28255	4	0	0	0	1	1	3	0	1	5	4	0	0	1	4	0
ASV_28256	0	0	0	2	0	0	2	0	1	0	28	0	0	0	0	0
ASV_28260	0	0	1	24	0	0	0	0	0	1	0	1	0	0	0	0
ASV_28261	0	0	0	0	13	0	0	0	13	0	2	0	0	0	0	0
ASV_28266	0	0	0	0	2	0	12	0	4	0	2	0	4	0	0	0
ASV_28267	0	0	0	0	0	0	0	0	0	0	0	0	24	0	0	0
ASV_28268	0	0	0	0	0	0	0	0	0	0	0	0	0	0	2	22
ASV_28271	0	0	0	0	0	13	0	0	0	8	0	2	0	0	0	0
ASV_28272	0	0	0	0	0	0	0	0	0	0	0	0	0	0	0	5
ASV_28273	0	0	0	0	0	0	0	0	0	1	0	0	0	0	0	1
ASV_28274	14	0	0	0	0	0	0	0	6	1	0	0	0	0	1	0
ASV_28275	0	0	0	0	0	0	0	0	0	0	13	0	9	0	0	0
ASV_28277	8	0	3	3	0	0	0	0	0	3	0	0	0	0	2	0
ASV_28278	0	0	0	0	0	0	0	2	0	0	0	0	0	0	0	0
ASV_28282	0	0	0	0	1	0	12	0	5	0	0	0	2	0	0	0
ASV_28284	0	3	3	2	0	4	0	0	0	4	0	3	0	0	0	0
ASV_28285	1	3	0	0	0	0	0	0	0	0	0	0	0	0	0	0
ASV_28286	2	1	0	2	0	4	0	0	0	4	0	0	0	1	2	2
ASV_28287	0	0	0	0	0	4	1	0	5	0	7	0	1	0	0	0
ASV_28292	0	0	0	0	3	0	8	0	1	0	3	1	1	0	0	0
ASV_28293	0	0	0	17	0	0	0	0	0	0	0	0	0	0	0	0
ASV_28306	0	0	0	9	1	0	0	0	0	0	0	0	0	0	4	0
ASV_28307	0	0	0	0	0	0	1	0	9	0	2	0	2	0	0	0
ASV_28315	0	0	0	0	0	0	0	0	11	0	2	0	0	0	0	0
ASV_28320	0	0	1	0	0	2	0	0	0	0	0	0	8	0	0	1
ASV_28322	0	0	0	0	0	0	0	9	1	0	0	0	2	0	0	0
ASV_28323	0	0	0	0	0	0	0	0	6	2	4	0	0	0	0	0
ASV_28324	0	0	0	0	0	0	0	0	1	0	0	0	0	0	0	0
ASV_28325	0	0	0	0	0	0	0	0	0	2	0	0	8	0	2	0
ASV_28326	0	0	0	0	0	0	0	0	0	0	0	2	0	0	0	2
ASV_28335	0	0	1	3	0	0	0	0	0	1	0	0	0	0	0	1
ASV_28336	0	0	0	0	5	0	1	0	2	0	0	0	3	0	0	0
ASV_28337	0	0	0	1	0	0	0	1	0	0	1	0	6	0	1	1
ASV_28338	0	0	0	0	0	0	0	0	2	0	1	0	8	0	0	0
ASV_28351	5	0	1	2	0	0	0	0	0	0	0	0	0	0	2	0
ASV_28353	0	0	0	0	0	0	8	0	2	0	0	0	0	0	0	0
ASV_28354	0	0	0	3	0	0	2	0	0	0	0	0	4	0	0	0
ASV_28362	0	0	0	2	0	0	0	0	0	0	0	0	2	0	0	0
ASV_28363	0	0	0	1	0	6	0	0	0	2	0	0	0	0	0	0
ASV_28364	0	0	0	0	0	0	5	0	1	0	0	0	3	0	0	0
ASV_28365	0	0	0	0	0	0	0	0	0	0	9	0	0	0	0	0
ASV_28366	0	0	0	0	0	0	0	0	0	0	0	0	1	0	0	0
ASV_28380	0	0	0	0	0	0	0	0	2	0	0	0	0	0	0	0
ASV_28382	4	0	0	0	0	1	0	0	0	0	0	0	0	1	0	0
ASV_28383	0	0	0	0	8	0	0	0	0	0	0	0	0	0	0	0
ASV_28384	0	0	0	0	0	8	0	0	0	0	0	0	0	0	0	0
ASV_28385	0	0	0	0	0	0	0	1	0	0	0	0	0	0	0	0
ASV_28386	0	0	0	0	0	0	5	0	1	0	2	0	0	0	0	0
ASV_28387	0	0	0	0	0	0	2	0	3	3	0	0	0	0	0	0
ASV_28388	0	0	0	0	0	0	2	0	0	0	0	0	6	0	0	0
ASV_28389	1	0	0	3	0	0	0	0	0	2	0	2	0	0	0	0
ASV_28390	0	0	0	0	0	0	0	0	0	0	0	0	8	0	0	0
ASV_28415	0	0	2	3	0	0	0	0	0	0	0	0	0	0	0	2
ASV_28416	2	3	0	0	0	0	0	0	0	0	0	0	0	0	2	0
ASV_28417	0	1	0	0	0	0	0	0	0	0	0	0	0	0	0	0
ASV_28421	0	0	0	0	0	1	0	0	0	0	0	5	0	0	0	0
ASV_28422	0	0	0	0	0	7	0	0	0	0	0	0	0	0	0	0
ASV_28423	0	0	0	0	0	0	7	0	0	0	0	0	0	0	0	0
ASV_28424	0	0	0	0	0	0	0	0	4	0	3	0	0	0	0	0
ASV_28425	0	0	0	7	0	0	0	0	0	0	0	0	0	0	0	0
ASV_28434	4	0	0	0	0	0	0	0	0	0	0	0	0	0	0	0
ASV_28436	7	0	0	0	0	0	0	0	0	0	0	0	0	0	0	0
ASV_28437	7	0	0	0	0	0	0	0	0	0	0	0	0	0	0	0
ASV_28438	0	0	4	1	0	0	0	0	0	0	0	0	1	0	0	0
ASV_28439	0	0	3	1	0	0	0	0	0	0	0	0	2	0	0	0
ASV_28440	0	0	0	0	2	0	1	0	3	0	0	0	0	0	0	0
ASV_28441	0	0	0	0	1	0	1	0	3	0	1	0	0	0	0	0
ASV_28442	0	0	0	0	1	0	3	0	0	0	2	0	0	0	0	0
ASV_28443	0	0	0	0	1	0	0	0	0	0	0	0	3	0	0	0
ASV_28444	0	0	0	0	0	0	6	0	0	0	0	0	0	0	0	0
ASV_28445	0	0	0	0	0	0	1	0	0	0	4	1	0	0	0	0
ASV_28446	0	0	0	0	0	0	0	0	6	0	0	0	0	0	0	0
ASV_28447	0	0	0	6	0	0	0	0	0	0	0	0	0	0	0	0
ASV_28448	0	0	0	6	0	0	0	0	0	0	0	0	0	0	0	0
ASV_28469	0	0	0	0	0	0	0	0	0	0	0	0	0	0	6	0
ASV_28479	4	0	0	0	0	0	0	0	0	0	0	0	0	0	0	0
ASV_28485	0	0	5	0	0	0	0	0	0	0	0	0	0	0	0	0
ASV_28488	0	0	0	0	3	0	0	0	0	2	0	0	0	0	0	0
ASV_28489	0	0	0	0	2	0	3	0	0	0	0	0	0	0	0	0
ASV_28490	0	0	0	0	1	0	0	0	0	0	4	0	0	0	0	0
ASV_28491	0	0	0	0	1	0	0	0	4	0	0	0	0	0	0	0
ASV_28492	0	0	0	0	1	0	3	0	1	0	0	0	0	0	0	0
ASV_28493	0	0	0	0	0	0	5	0	0	0	0	0	0	0	0	0
ASV_28494	0	0	0	0	0	0	2	0	3	0	0	0	0	0	0	0
ASV_28495	0	0	0	0	0	0	1	0	0	0	0	0	4	0	0	0
ASV_28496	0	0	0	0	0	0	0	0	5	0	0	0	0	0	0	0
ASV_28497	0	0	0	0	0	0	0	0	3	0	2	0	0	0	0	0
ASV_28498	0	0	0	0	0	0	0	0	0	3	0	0	0	0	0	0
ASV_28499	0	0	0	0	0	0	0	0	0	0	0	0	5	0	0	0
ASV_28500	0	0	0	5	0	0	0	0	0	0	0	0	0	0	0	0
ASV_28501	4	0	0	1	0	0	0	0	0	0	0	0	0	0	0	0
ASV_28502	0	0	0	1	0	0	0	0	0	0	0	0	0	0	0	0
ASV_28503	0	0	0	0	0	0	0	0	0	0	0	1	0	1	3	0
ASV_28541	4	0	0	0	0	0	0	0	0	0	0	0	0	0	0	0
ASV_28548	5	0	0	0	0	0	0	0	0	0	0	0	0	0	0	0
ASV_28550	0	0	4	0	0	0	0	0	0	0	0	0	0	0	0	0
ASV_28551	0	0	4	0	0	0	0	0	0	0	0	0	0	0	0	0
ASV_28552	0	3	0	0	0	0	0	0	0	0	1	0	0	0	0	0
ASV_28554	0	0	0	0	0	0	0	1	0	0	0	0	0	2	0	0
ASV_28555	0	0	0	0	0	0	0	0	0	0	0	0	0	0	3	0
ASV_28556	0	0	0	0	4	0	0	0	0	0	0	0	0	0	0	0
ASV_28557	0	0	0	0	4	0	0	0	0	0	0	0	0	0	0	0
ASV_28558	0	0	0	0	3	0	0	0	0	0	0	1	0	0	0	0
ASV_28559	0	0	0	0	2	0	0	0	0	0	1	0	1	0	0	0
ASV_28560	0	0	0	0	1	0	0	0	1	0	2	0	0	0	0	0
ASV_28561	0	0	0	0	1	0	2	0	0	0	0	0	1	0	0	0
ASV_28562	0	0	0	0	0	2	0	0	0	0	0	0	0	0	0	0
ASV_28563	0	0	0	0	0	0	4	0	0	0	0	0	0	0	0	0
ASV_28564	0	0	0	0	0	0	4	0	0	0	0	0	0	0	0	0
ASV_28565	0	0	0	0	0	0	2	0	2	0	0	0	0	0	0	0
ASV_28566	0	0	0	0	0	0	2	0	2	0	0	0	0	0	0	0
ASV_28567	0	0	0	0	0	0	0	0	4	0	0	0	0	0	0	0
ASV_28568	0	0	0	0	0	0	0	0	4	0	0	0	0	0	0	0
ASV_28569	0	0	0	0	0	0	0	0	2	0	2	0	0	0	0	0
ASV_28570	0	0	0	0	0	0	0	0	2	0	0	0	2	0	0	0
ASV_28571	0	0	0	0	0	0	0	0	0	0	4	0	0	0	0	0
ASV_28572	0	0	0	0	0	0	0	0	0	0	4	0	0	0	0	0
ASV_28573	0	0	0	0	0	0	0	0	0	3	0	0	0	0	0	0
ASV_28574	0	0	0	0	0	0	0	0	0	0	0	0	4	0	0	0
ASV_28575	0	0	0	3	0	0	0	0	0	0	0	0	0	0	0	0
ASV_28576	0	0	0	0	0	0	0	0	0	0	0	4	0	0	0	0
ASV_28653	4	0	0	0	0	0	0	0	0	0	0	0	0	0	0	0
ASV_28656	0	0	3	0	0	0	0	0	0	0	0	0	0	0	0	0
ASV_28657	0	0	3	0	0	0	0	0	0	0	0	0	0	0	0	0
ASV_28658	0	0	3	0	0	0	0	0	0	0	0	0	0	0	0	0
ASV_28659	0	0	3	0	0	0	0	0	0	0	0	0	0	0	0	0
ASV_28660	0	0	1	0	0	0	0	0	0	0	2	0	0	0	0	0
ASV_28666	0	0	0	0	3	0	0	0	0	0	0	0	0	0	0	0
ASV_28667	0	0	0	0	3	0	0	0	0	0	0	0	0	0	0	0
ASV_28668	0	0	0	0	1	0	1	0	0	0	0	0	1	0	0	0
ASV_28669	0	0	0	1	0	1	0	0	0	1	0	0	0	0	0	0
ASV_28670	0	0	0	0	0	0	0	3	0	0	0	0	0	0	0	0
ASV_28671	0	0	0	0	0	0	3	0	0	0	0	0	0	0	0	0
ASV_28672	0	0	0	0	0	0	3	0	0	0	0	0	0	0	0	0
ASV_28673	0	0	0	0	0	0	3	0	0	0	0	0	0	0	0	0
ASV_28674	0	0	0	0	0	0	1	0	2	0	0	0	0	0	0	0
ASV_28675	0	0	0	0	0	0	1	0	0	0	2	0	0	0	0	0
ASV_28676	0	0	0	0	0	0	0	0	3	0	0	0	0	0	0	0
ASV_28677	0	0	0	0	0	0	0	0	2	0	1	0	0	0	0	0
ASV_28678	0	0	0	0	0	0	0	0	1	0	2	0	0	0	0	0
ASV_28679	0	0	0	0	0	0	0	0	1	0	2	0	0	0	0	0
ASV_28680	0	0	0	0	0	0	0	0	1	0	0	0	0	0	2	0
ASV_28681	0	0	0	0	0	0	0	0	0	0	3	0	0	0	0	0
ASV_28682	0	0	0	0	0	0	0	0	0	0	3	0	0	0	0	0
ASV_28683	0	0	0	0	0	0	0	0	0	0	3	0	0	0	0	0
ASV_28684	0	0	0	0	0	0	0	0	0	0	3	0	0	0	0	0
ASV_28685	0	0	0	0	0	0	0	0	0	0	3	0	0	0	0	0
ASV_28686	0	0	0	0	0	0	0	0	0	0	3	0	0	0	0	0
ASV_28687	0	0	0	0	0	0	0	0	0	0	3	0	0	0	0	0
ASV_28688	0	0	0	0	0	0	0	0	0	3	0	0	0	0	0	0
ASV_28689	0	0	0	0	0	0	0	0	0	3	0	0	0	0	0	0
ASV_28690	0	0	0	0	0	0	0	0	0	3	0	0	0	0	0	0
ASV_28691	0	0	0	0	0	0	0	0	0	0	0	0	3	0	0	0
ASV_28692	0	0	0	0	0	0	0	0	0	0	0	0	3	0	0	0
ASV_28693	0	0	0	0	0	0	0	0	0	0	0	0	3	0	0	0
ASV_28694	0	0	0	3	0	0	0	0	0	0	0	0	0	0	0	0
ASV_28695	0	0	0	3	0	0	0	0	0	0	0	0	0	0	0	0
ASV_28696	0	0	0	3	0	0	0	0	0	0	0	0	0	0	0	0
ASV_28747	0	0	0	0	0	0	0	0	0	0	0	0	0	0	3	0
ASV_28748	0	0	0	0	0	0	0	0	0	0	0	0	0	0	3	0
ASV_28749	0	0	0	0	0	0	0	0	0	0	0	0	0	0	3	0
ASV_28767	0	0	0	0	0	0	0	0	0	0	0	0	0	0	0	1
ASV_28803	3	0	0	0	0	0	0	0	0	0	0	0	0	0	0	0
ASV_28809	0	0	2	0	0	0	0	0	0	0	0	0	0	0	0	0
ASV_28810	0	0	2	0	0	0	0	0	0	0	0	0	0	0	0	0
ASV_28811	0	0	2	0	0	0	0	0	0	0	0	0	0	0	0	0
ASV_28812	0	0	2	0	0	0	0	0	0	0	0	0	0	0	0	0
ASV_28813	0	0	2	0	0	0	0	0	0	0	0	0	0	0	0	0
ASV_28814	0	2	0	0	0	0	0	0	0	0	0	0	0	0	0	0
ASV_28821	0	0	0	0	2	0	0	0	0	0	0	0	0	0	0	0
ASV_28822	0	0	0	0	2	0	0	0	0	0	0	0	0	0	0	0
ASV_28823	0	0	0	0	2	0	0	0	0	0	0	0	0	0	0	0
ASV_28824	0	0	0	0	2	0	0	0	0	0	0	0	0	0	0	0
ASV_28825	0	0	0	0	1	0	0	0	1	0	0	0	0	0	0	0
ASV_28826	0	0	0	0	0	0	0	2	0	0	0	0	0	0	0	0
ASV_28827	0	0	0	0	0	0	2	0	0	0	0	0	0	0	0	0
ASV_28828	0	0	0	0	0	0	2	0	0	0	0	0	0	0	0	0
ASV_28829	0	0	0	0	0	0	2	0	0	0	0	0	0	0	0	0
ASV_28830	0	0	0	0	0	0	2	0	0	0	0	0	0	0	0	0
ASV_28831	0	0	0	0	0	0	2	0	0	0	0	0	0	0	0	0
ASV_28832	0	0	0	0	0	0	2	0	0	0	0	0	0	0	0	0
ASV_28833	0	0	0	0	0	0	2	0	0	0	0	0	0	0	0	0
ASV_28834	0	0	0	0	0	0	2	0	0	0	0	0	0	0	0	0
ASV_28835	0	0	0	0	0	0	2	0	0	0	0	0	0	0	0	0
ASV_28836	0	0	0	0	0	0	2	0	0	0	0	0	0	0	0	0
ASV_28837	0	0	0	0	0	0	0	0	2	0	0	0	0	0	0	0
ASV_28838	0	0	0	0	0	0	0	0	2	0	0	0	0	0	0	0
ASV_28839	0	0	0	0	0	0	0	0	2	0	0	0	0	0	0	0
ASV_28840	0	0	0	0	0	0	0	0	2	0	0	0	0	0	0	0
ASV_28841	0	0	0	0	0	0	0	0	2	0	0	0	0	0	0	0
ASV_28842	0	0	0	0	0	0	0	0	2	0	0	0	0	0	0	0
ASV_28843	0	0	0	0	0	0	0	0	2	0	0	0	0	0	0	0
ASV_28844	0	0	0	0	0	0	0	0	0	0	2	0	0	0	0	0
ASV_28845	0	0	0	0	0	0	0	0	0	0	2	0	0	0	0	0
ASV_28846	0	0	0	0	0	0	0	0	0	0	2	0	0	0	0	0
ASV_28847	0	0	0	0	0	0	0	0	0	0	2	0	0	0	0	0
ASV_28848	0	0	0	0	0	0	0	0	0	0	2	0	0	0	0	0
ASV_28849	0	0	0	0	0	0	0	0	0	0	2	0	0	0	0	0
ASV_28850	0	0	0	0	0	0	0	0	0	0	2	0	0	0	0	0
ASV_28851	0	0	0	0	0	0	0	0	0	0	2	0	0	0	0	0
ASV_28852	0	0	0	0	0	0	0	0	0	2	0	0	0	0	0	0
ASV_28853	0	0	0	0	0	0	0	0	0	2	0	0	0	0	0	0
ASV_28854	0	0	0	1	0	0	0	0	0	1	0	0	0	0	0	0
ASV_28855	0	0	0	0	0	0	0	0	0	0	0	0	2	0	0	0
ASV_28856	0	0	0	0	0	0	0	0	0	0	0	0	2	0	0	0
ASV_28857	0	0	0	0	0	0	0	0	0	0	0	0	2	0	0	0
ASV_28858	0	0	0	0	0	0	0	0	0	0	0	0	2	0	0	0
ASV_28859	0	0	0	0	0	0	0	0	0	0	0	0	2	0	0	0
ASV_28860	0	0	0	0	0	0	0	0	0	0	0	0	2	0	0	0
ASV_28861	0	0	0	2	0	0	0	0	0	0	0	0	0	0	0	0
ASV_28862	0	0	0	2	0	0	0	0	0	0	0	0	0	0	0	0
ASV_28863	0	0	0	2	0	0	0	0	0	0	0	0	0	0	0	0
ASV_28864	0	0	0	2	0	0	0	0	0	0	0	0	0	0	0	0
ASV_28865	0	0	0	2	0	0	0	0	0	0	0	0	0	0	0	0
ASV_28866	0	0	0	2	0	0	0	0	0	0	0	0	0	0	0	0
ASV_28867	0	0	0	2	0	0	0	0	0	0	0	0	0	0	0	0
ASV_28868	0	0	0	0	0	0	0	0	0	0	0	2	0	0	0	0
ASV_28922	0	0	0	0	0	0	0	0	0	0	0	0	0	0	2	0
ASV_28923	0	0	0	0	0	0	0	0	0	0	0	0	0	0	2	0
ASV_28949	0	0	0	0	0	0	0	0	0	0	0	0	0	0	0	2
