#OTUID	KOSMOS.D1.MPBS	KOSMOS.D15.MPAS	KOSMOS.D24.MPAS	KOSMOS.D32.MPAS	KOSMOS.D36.MPAS	KOSMOS.D42.MPAS	KOSMOS.D48.MPAS	KOSMOS.D8.MPAS
42219cdab667ede06141ed99b77e6e3c	4324	4873	3193	889	173	4102	12829	7969
d9229fe38c2083c24186be92bbef13ae	1133	401	589	3184	623	842	471	393
6db05a10707818fbe75a590499339995	2107	46	5270	0	0	18	6	3265
de07b97b3c8bed8fd34d50acf341fa65	145	82	337	69	183	2375	2231	157
393253aa18abfdac36ef0d53c7222c1b	514	274	1386	944	174	704	584	244
e0d3f83ed24e56018290f2b7943acc9b	2168	0	160	146	71	129	417	3601
ac4b602d4fd4d598c0c79053880a6fe7	298	1696	2358	51	26	325	4697	767
094d282e5759e5d296f2b9c4fe77500d	362	1402	5647	567	43	91	170	401
84db7bef4e63768342c4e6d91424b528	182	38	185	617	19	59	107	25
a713278facfda956576d93f0ebab0918	158	193	243	1122	296	595	809	197
2323d65b8fb56eefaf44bb37a8fdd372	17	29	434	4489	326	49	13	0
ba023c775d2cf34fc8c622062b6178be	84	20	21	1748	1519	286	19	29
4a3da0cc978406fc647a28f932c13567	33	164	259	94	94	634	2004	16
cfbb54fabdb1c962e69e5e2d8b7ec2c6	977	197	215	204	115	444	170	361
96a177c7d9fe69540ef28119f340ec99	0	0	0	272	246	1934	954	0
76af76d18ff044c3f5aea9e78a85baf7	73	43	29	413	16	64	35	48
9d614c067c441d8a9480a1d7f040072e	0	142	126	2209	126	223	217	13
039b330945c86d35a292bb1a0d029d40	0	7	0	546	57	1043	1359	0
2c1145826361b8caaa26aae5369a3bdf	1026	96	67	136	187	243	273	0
0ec73868c65ec2e1a3618c17e138195c	318	205	238	65	36	243	275	466
1f2b21bc052cb0656da1f3e673c1ebb2	0	25	0	176	208	632	1169	0
96595fee71ccd0455b2967949c8016e3	0	25	198	1810	124	16	0	15
a735069357ce3bff25f964e614dc9f50	73	621	80	187	73	520	243	223
98a5b6da12dff21114b8c3302d58c9ee	11	16	12	136	14	59	1854	15
b4903dd51eb41689ecf2d44c6df239b2	63	162	33	369	112	687	307	96
5ab08f77a1e90f4869d69d602521363e	0	0	0	0	0	209	1750	0
3fbc1c2532fb76354cf750ba43944c89	32	62	188	336	65	284	866	80
36a4c622d3787881baa568a1ba6046b9	0	0	681	0	0	0	0	432
e7616da48825d69487217c02d56ed064	0	0	0	1473	0	53	0	26
248d685efcdb0f4adbebed6463e2fd8d	43	29	52	80	296	273	599	22
8b30cf3f5e8c27b4aacc4736f6cd6ed9	0	0	0	0	0	172	1262	0
83c194429e19fe7c040d099dadade7e0	0	0	0	0	0	0	48	0
c5548ed311eb7b4a4b06e500dafc48ff	10	23	67	333	124	182	162	195
9230a5d018cf30449d6606d1b25d9b2c	100	146	740	0	0	7	24	100
f7b901f2d99386e3f057c26c64ddbaf2	56	31	0	159	76	116	333	64
aa362e133f4a3742c7c0b51823dcefff	53	0	17	67	96	196	400	26
c8beb29f8c766765fc1a8ce124f642af	25	0	485	157	24	194	54	0
a1cc6dd666afc98d00326d35f43bae73	0	252	47	38	13	187	209	63
d16938cc809b9186b4b6d32892c4eddd	62	158	182	72	28	43	32	89
a1a363ebfa5e222880fbbc2877328c93	17	46	83	170	15	70	392	22
2fc32256e74d5cc16fd440d96a3733d9	0	0	0	12	61	230	492	0
5207151388e3c1cb2fe7d75d59f26e79	491	0	41	40	0	0	0	13
9b913f388f72540499d96686bf75218f	7	143	499	37	19	17	0	31
4912ee68947e8529e2eac96d81f4e26a	204	27	40	187	0	4	0	8
35c96737e44f9a025c844504c09521e6	36	0	64	322	0	40	31	0
315d2dab44d975c2d7adef16cd6226f8	0	0	0	94	0	0	0	0
bda174380b89c8dafb8a61126ad57210	0	10	0	10	7	185	387	10
8b1ca5c7eda7f9278a28edd834c461be	110	0	3	42	11	214	72	10
35c7ac712d7bfb9eded614644fdd5eab	9	11	371	0	0	0	0	16
7ef9ef0f1d7fc89f3fa1d17d92b4e6d8	0	0	0	0	0	43	505	0
4b45e0fc6276ae0245aea2cf6c2de70e	33	0	44	41	0	8	0	0
20d8843bf7213e7bf6592cdb191a9e96	25	0	51	165	0	24	0	0
e6794d71335fe9c08483e2d87506ab80	15	0	10	24	18	40	321	11
9ca3ba7165b71dfa75647c347b1aa034	0	0	0	20	17	111	257	0
92c99a76c83d47c4ed1259c807985355	0	0	0	0	0	0	398	0
ab985cf0ad0420c1a343fbc97ce8f698	44	0	27	31	0	24	0	0
b3e163b6fe9838157f405611dc3e693f	53	0	19	32	0	13	0	0
20d526a736412cffe5fdea0f89b3fbcb	0	11	30	0	0	5	0	13
1f97c47d5e820df62d738ab6e2bc2790	0	10	12	128	28	52	93	14
42624d4c60b33699c28a95ca27129319	181	11	17	2	19	34	0	33
5ea3446ef0c2b0746d9845a861d8487d	0	0	0	0	0	51	277	6
b312a1d9d769c6da59c68893ee7c4582	0	0	0	33	0	0	0	0
a907c242383e2c256496dd4a09417c6e	29	0	6	23	0	0	0	0
2cf85d07a8ecd3fb2b87a9f36708260b	22	14	0	58	6	56	65	0
f19d778b495d614ed62c00879047c35c	40	57	40	79	13	25	20	29
e6c77b73bb9e88d9d505d71f517486dc	0	0	8	159	8	40	38	0
9af2e51388a124d362e7cb1c9f80082b	0	0	0	34	128	72	19	0
c02dd57b6285f6a863ea557a201db5e9	0	11	0	38	8	72	108	0
044bad6668bf3ca9bd869761852eb7b6	46	55	18	0	0	0	0	30
81b4121f59c48cb7a4783b721f01920e	0	0	0	52	0	39	131	0
65cb02d6dfe193018ea4604eb380eaff	0	20	0	0	0	0	37	0
c979da06b859784bf58df00a55ccc8fb	24	17	4	3	0	3	19	0
a8d86f936536d5e55ecaec83a1c465f8	44	0	39	35	0	29	0	11
e91fabdf7e0a93eb957c2c4e9e764ae2	12	21	77	71	0	0	0	0
1d9216ecc0bd433058261a3b94839d99	0	0	0	0	0	11	114	0
bd18627a36c643dd24bf4746d4663950	21	0	0	93	0	0	55	0
a2d4d91180c2d5c66cf5be3a84162b45	0	10	0	99	0	31	15	0
902b23c26b7ad907add59feda1a30428	0	0	0	0	0	0	154	0
c42250e8e0c5454779ea2b7a43dc264c	0	0	0	34	14	89	0	0
61a30a195aa50828309cd6a42dd81d6e	0	0	0	7	0	0	0	0
2d3a26b959c51d33494ae3006c1890bd	0	0	0	0	0	0	138	0
6b82949db47d8b448fa5a82d1ac79936	0	0	0	136	0	0	0	0
fb0e7d7d6eb417d326f5a4f47e284465	17	39	55	0	0	0	0	20
606fd5f3c90d426dbb74c454442ddd4e	47	0	0	35	0	0	0	0
b16c047ba04a60bde71f537a09c62d3c	0	6	0	18	0	98	4	4
64eb8580f35a7ef73a87fa5a1a0aa95d	27	2	3	20	0	0	0	0
6b4775f85836dc47570daebcbd3429b2	40	0	5	0	0	11	0	4
732c5a5744d4481a5a19b2663cefc6ae	8	0	0	98	0	0	5	0
baa5448d80db84deef60639a48f2945a	0	28	0	0	0	0	88	0
e55a78a1c8062a8044c653d07dbd915a	31	8	0	10	0	25	0	0
e514e47bcd137145382ab4709d16b7a2	0	0	0	0	0	76	33	0
fa633eb2208ad0b9211b90e1da630ec7	0	3	42	5	0	0	0	10
3e50e77a8bb07cac6bf4c6623f5d185e	0	0	0	6	17	43	34	0
5e23e4e1f8a41d2d7d0d6439cde2a766	13	0	39	0	0	0	0	3
40450b44940c08498a7bf2d3ff47a849	27	0	40	0	8	0	0	0
0e2aa104e4ada9abaa8094203d4c9e9c	8	0	0	8	0	0	0	0
bdc617824c81aad4c3e31b549d222b80	6	0	14	0	0	0	0	0
b3e3bf49951fd57fef9a0712bdcedb5a	0	0	12	0	0	0	0	9
2cb58e389011372307a5affb4eb87e3b	0	0	6	10	0	0	0	0
8727190c50d0303c63de28feafd1ab3e	0	0	0	85	0	0	0	0
fe54a6b3853a4ba111acf8886bee63ae	18	6	0	0	0	8	13	0
fa77c54aa003bb04df29a4985077ee61	3	4	18	19	0	9	15	0
178f2b30b80c8008b3f17bfc73d0810f	0	0	11	63	0	0	0	0
6aefa26af43d40a8162db6f7695c1152	0	0	0	0	0	7	72	0
219828c904ec5c4c164cb82f0183769d	0	0	0	0	0	43	29	0
3d2a21690df214f790747c23c7f50a13	33	0	11	15	0	0	0	0
97e8b13f22527b063865cbdf15a7fa59	16	0	0	45	0	0	0	0
3e3643b6e0f842f3f69a596a42bd32c2	0	0	0	75	0	0	0	0
b4ec7581fa901b664e01f6675f340ba2	0	0	53	0	0	0	0	0
bc1819f4c88904f014d0865c0a09c8ec	0	0	0	0	0	13	0	0
af5fe6cf3758537a4a88e804eed97cbf	0	0	0	11	0	44	16	0
5ac9e1e1f137a918ebee250fbe0d856a	0	0	15	41	14	0	0	0
836c8649bf9c3e71c1fecea4f98ece34	0	0	0	5	0	15	12	0
9ce5610a06f1105885cf685ed73f5a73	9	0	0	0	0	0	60	0
22f0e8a61441d36d0727b04f15253ab0	0	0	0	28	0	0	0	0
8751e2920100fe9f560be4345ab4c8f8	9	11	0	3	0	9	9	0
9eb750f3e4804bdff6cc665113bdd039	0	0	0	0	0	0	0	11
fc253b74f104e63cb6a394122ab281a4	0	0	9	55	0	0	0	0
a3e34c2f2e7f82059db4c692a3a00005	0	0	20	15	0	0	0	0
07be4271cb7f8a8b37e63efe6b39d245	0	0	0	0	0	0	59	0
4244586faf3a126030cffb1edd2f4596	30	0	24	0	0	0	0	0
c250a4a4c9c26bc3252480bbfa1dc2e9	0	5	11	0	0	8	0	0
8a6c94726c0780da709f413ba6a92c91	17	0	0	0	0	0	0	8
3e9ecb1735f5d68b8fe25e8346e8f6c6	0	0	0	0	0	24	25	0
c01e132af0927fa3af560ab87826436e	0	0	0	0	0	0	49	0
e63fe703fb79408e5bc38e35b928ae07	28	7	5	0	0	0	0	0
c1c7f98b129e96e27024c41cb6677824	0	0	0	0	10	38	0	0
05295a623bd93c89172bac548f81dd0d	0	0	0	6	0	27	12	0
9a006ffb0fd2db6f518185d6ca770e96	34	0	0	0	0	0	0	0
b93769465a31e0b07172d735f3cfb75a	0	0	0	0	0	0	43	0
8805982a8fd5b49a9374b233259d6614	0	0	0	25	0	0	0	0
e30e925bba5c1213fd642219f7195146	13	0	0	0	0	0	0	0
fef42a3804ad156ee914c38473802bf2	0	35	0	0	0	0	0	0
9f96d461e5016b352947477c1e4b5fdb	0	11	29	0	0	0	0	0
a9a5714516b1b4a7b695b352c0f8d005	0	11	0	0	0	0	12	0
25fc71725ccdefad9eb31a493c41ad7f	15	11	0	0	0	0	0	0
d4cde7c8aab977d63ff1f4896b8ec250	5	0	0	29	0	0	0	0
0421d6265cef7d012369a34b08c521d5	0	5	15	5	0	0	0	4
e626ce83a4ef6211f7c3a38a32174527	0	0	0	0	0	8	0	25
af23f68e2a4f7c7125e08f4807b87bb4	0	0	0	0	18	0	0	13
45857c728fe38e208e256fecaab106c0	0	0	0	16	7	0	0	0
7a4211e72b091cfc4aed3cfcabd73ea8	0	0	24	5	0	0	0	0
e9a7e85b7b2017576c46d9550e3aeb93	0	17	0	0	0	0	10	0
af3512e86eeeef7c71a0d0265b5cfb14	0	0	0	0	0	0	27	0
7feecdf794cf86899fa740ee7a86d0a0	0	0	0	7	0	0	0	0
de05c74f1a4741be8ed2874fe5013187	0	0	0	26	0	0	0	0
ecc9ab50c1e53ad9c8b3cf46c211cde8	0	0	0	0	0	26	0	0
8bd5f3b13310e519562ac945e593d046	0	0	0	8	0	8	9	0
653689c0090cd499534548cb2ac92fde	0	0	0	5	5	15	0	0
6f73a0104c73f914320af81ee7f4cfe5	0	0	0	0	0	0	14	0
ba1e4c3a8b2a4f6055a3ef8afbe6eb25	0	0	23	0	0	0	0	0
ad6b9c1c869d82b088e4e389d07cc023	0	0	0	0	0	0	0	22
78d07a90a11a39d424eb006cc69f6ed3	0	0	14	0	0	0	7	0
7e10d2767fcac1cebd50e4c0afb42a61	7	0	0	0	0	0	0	0
88f6e433e66125716d2f27021bbdfe6a	0	0	20	0	0	0	0	0
2452d8574651d1741f591cce63d64c43	0	0	15	0	0	0	0	5
10158f75e32c860722f29ac536c5d579	0	0	0	6	0	0	0	0
58cfa22827f8e57bc959f64621e8cd2f	0	13	0	0	0	0	0	0
23a6dc97fccc14c5f2c63e2d7e5842b7	0	0	18	0	0	0	0	0
1a3084b5ea6cbf31ab824f7a7f918b48	17	0	0	0	0	0	0	0
d1017a9bacb76c79a76a4daab04e133d	6	0	0	0	0	0	0	0
52cf4f622c2381df5acde77f8b06f47a	0	0	0	17	0	0	0	0
ab80aa6a6d79a3d92be11de5131588b3	0	16	0	0	0	0	0	0
8ba693fe4475657cb8bb3524835d1062	0	0	0	0	0	15	0	0
4dd4082b489cc95e0d20e29675e8509a	0	0	0	0	0	0	15	0
b3f47ada15473d8e649aa3e37668e59d	0	0	0	0	0	0	0	15
c2d4fce4edcc73b2b54e1561be2dfafb	6	0	0	3	0	0	0	0
d48a8bccffbeebfc20568125d41d0294	8	0	5	0	0	0	0	0
bb52a5a740007cbad5aac0a1fe6cd565	0	0	0	0	0	0	13	0
790bbecc418867048e6ff094f0aad1d5	4	0	0	0	0	0	0	0
91d8042749f85403e991f35f549ea4fe	0	0	0	0	0	0	12	0
1e337073e903d3c72d8a73426c9686dd	0	0	0	0	0	0	0	12
04a54c961bb235e7ec1b8ce88453832e	10	0	0	0	0	0	0	0
6ff2b5e928b906c7e6c9160aa8a82c08	5	0	5	0	0	0	0	0
dbe31db4a6433ffb7bacbcb0d8408d4e	0	0	0	0	10	0	0	0
a747673f614170a78208246c62a15d2c	0	0	9	0	0	0	0	0
62f27fc97ea9fdd47efa64b9e37d2b60	0	0	0	9	0	0	0	0
11f834db425bc90a16300e2f079b15a7	0	0	0	0	0	9	0	0
9ef1663ba6e8ac161cda68c2c22e7e57	0	0	0	0	0	0	9	0
a5d825eb3dcbf92d97714ef8429083a1	8	0	0	0	0	0	0	0
c4cfb0b7f611bdccd09de59ba9a695b0	8	0	0	0	0	0	0	0
c173397bbd6d627df9baa4418aad6e34	0	7	0	0	0	0	0	0
57329113e6a30613d269cbc1936b3675	0	0	7	0	0	0	0	0
97b57286420c4afbbdc0cbc966f07e14	0	0	0	7	0	0	0	0
f92fc2d7704f12d8becbf2d4899f6f06	0	0	0	0	0	0	7	0
50248b2209dfdaa6f034669c3e6867b2	0	6	0	0	0	0	0	0
e753315b7be9afa0dc39c36815ed1b50	0	0	6	0	0	0	0	0
32f1b340dd18f56c69f3ac4be3b19a9c	0	0	6	0	0	0	0	0
1619d7c75ef240aef42ab53522a3a103	0	0	0	0	0	0	6	0
e3a27e62c9f613652b033963b6dcf408	0	5	0	0	0	0	0	0
581b5de83d8bd9cd597b40c6f89c9c83	0	0	4	0	0	0	0	0
5c279554584d314b39b8e0bccf615b79	0	0	4	0	0	0	0	0
8ed96db8bdc7ac16cdf12d6c14aa0f7a	0	0	0	4	0	0	0	0
6ddcd71ddc5a0880102bba6fe6bbecb8	0	0	0	4	0	0	0	0
885b27839b62b00f31fd09e99079972d	0	0	0	0	0	0	4	0
52e76e2733f7b696202b560aa865d245	3	0	0	0	0	0	0	0
9a34ce0491c7186221662c1ddff1e15e	0	0	0	3	0	0	0	0
0788a03b3206a719ffc491628300dada	0	0	0	0	0	3	0	0
d675927595c6ffdd33c0c40809a73593	0	0	0	0	0	0	3	0
594d2769cca5613a1d4ddb6071a8ad94	0	0	0	0	0	0	3	0
72bafe306d92f2bbcd0887700eeb9053	0	0	2	0	0	0	0	0
21973444f97e6c36be186d3edf4e4f1e	0	0	0	0	0	0	2	0
9c51c25899240d00ac52cead2aefe367	0	0	0	0	0	0	0	2
